0
0
0
0
0
-0.002272727
-0.002272727
-0.002272727
-0.002272727
-0.002272727
0
0
0.00530303
0.00530303
0.00530303
0.00530303
0.00530303
0
0.00530303
0.00530303
0.00530303
0.00530303
0
0.007575758
0.007575758
0.007575758
0.009848485
0.009848485
0.009848485
0.007575758
0.009848485
0.009848485
0.007575758
0.007575758
0.00530303
0.007575758
0.007575758
0.00530303
0.00530303
0.007575758
0.00530303
0.00530303
0.00530303
0.00530303
0.007575758
0.00530303
0.00530303
0.00530303
0.00530303
0.00530303
0.00530303
0
0.00530303
0
0.007575758
0.00530303
0.00530303
0.00530303
0.00530303
0.00530303
0.00530303
0.00530303
0.00530303
0.00530303
0.00530303
0.00530303
0.00530303
0.00530303
0.00530303
0
0
0.00530303
0
0.00530303
0
0
0
0.00530303
-0.002272727
0
-0.002272727
-0.002272727
0
0.00530303
0.00530303
0.00530303
0.00530303
0.00530303
0.00530303
0
0
0.00530303
0
0.00530303
0.00530303
0.00530303
0.00530303
0.00530303
0.00530303
0.007575758
0.007575758
0.007575758
0.00530303
0.007575758
0.007575758
0.00530303
0.007575758
0.00530303
0.00530303
0.00530303
0.007575758
0.00530303
0
0.00530303
0.00530303
0
0
0
0.00530303
0
0.00530303
0.00530303
0.00530303
0.00530303
0.007575758
0
0.00530303
0
0
0.00530303
0.00530303
0.00530303
0.009848485
0.00530303
0.009848485
0.007575758
0.007575758
0.00530303
0.00530303
0.00530303
0.00530303
0.00530303
0.00530303
0.00530303
0.00530303
0.007575758
0.007575758
0.007575758
0.01439394
0.009848485
1.128876E-10
0.02803032
0.0628788
0.0659091
-0.00606061
0.03030303
-0.00909091
0.02651515
-0.02045455
0.02878787
0.02575758
0.03181818
0.0219697
0.02499999
0.008333332
0.06136363
0.0340909
0.04772729
0.1037879
0.01969697
0.05075756
0.0280303
0.05681819
0.07651515
0.06363638
0.08106063
0.01590909
0.03787879
0.05151515
0.04318181
0.04772727
0.02651515
0.07045458
0.04545455
0.05530304
0.02651516
0.05075756
0.03030303
0.01212121
0.01742425
0.001515143
0.0280303
0.04545452
-0.003787881
0.03409091
0.03030306
0.03106062
0.06060606
0.2454545
1.368939
3.783334
6.631818
8.162877
9.212121
9.697726
9.937123
10.05606
10.09849
10.03485
9.911363
9.773483
9.583334
9.415909
9.223484
9.076513
8.915152
8.705302
8.528789
8.314395
8.085608
7.913636
7.714394
7.524242
7.403031
7.242425
7.197727
7.074244
6.893183
6.742426
6.611364
6.349243
6.230303
6.046213
5.903031
5.750757
5.657576
5.500756
5.371969
5.258332
5.132575
5.004546
4.918938
4.724243
4.620455
4.481061
4.331819
4.317424
4.184849
4.060606
3.99091
3.898486
3.830303
3.757576
3.639395
3.565909
3.495455
3.414394
3.336364
3.267424
3.208334
3.159848
3.093182
3.044697
2.962879
2.911363
2.833333
2.754546
2.691667
2.625
2.524242
2.508333
2.434849
2.336364
2.312121
2.218939
2.212122
2.12197
2.105303
1.972727
1.964394
1.912121
1.867424
1.790909
1.740909
1.696212
1.628788
1.564394
1.530303
1.490151
1.471212
1.418182
1.386364
1.378788
1.284848
1.293182
1.222727
1.168182
1.186363
1.116667
1.071969
1.126515
1.033333
1.059848
0.9954546
0.9848486
1.023485
0.969697
0.9325761
0.894697
0.8749998
0.8446971
0.8272731
0.7742425
0.7742425
0.7628788
0.7409092
0.7575758
0.7234852
0.6727276
0.694697
0.6765152
0.6409092
0.5734851
0.5598487
0.5621214
0.5628789
0.5439394
0.5075759
0.5242426
0.5386365
0.5272729
0.5242425
0.4545455
0.5083334
0.3878787
0.4371212
0.4318182
0.4590909
0.4446969
0.4386364
0.4522728
0.401515
0.4227271
0.410606
0.421212
0.3621211
0.419697
0.3969697
0.3356061
0.3878788
0.2068182
0.06060607
0.01439394
0
0
0
0
0
0
0
0
0
0
0
0
0
0
0
0
0
0
0
0
0
0
0
0
0
0
0
0
0
0
0
0
0
0
0
0
0
0
0
0
0
0
0
0
0
0
0
