0
0
0
0
0.002205882
-0.002205882
-0.002205882
-0.002205882
-0.002205882
0.002205882
-0.002205882
-0.002205882
0.002205882
0.002205882
-0.005147059
-0.002205882
0.002205882
0.004411765
-0.002205882
0.004411765
-0.002205882
0.002205882
0.002205882
0.002205882
-0.002205882
0.004411765
-0.002205882
0.002205882
-0.002205882
0.002205882
0.002205882
0.002205882
-0.002205882
0.004411765
0.002205882
-0.002205882
-0.002205882
0.004411765
0.002205882
0.002205882
-0.002205882
0.002205882
-0.002205882
0.002205882
-0.002205882
0.002205882
0.002205882
0.002205882
-0.002205882
0.004411765
0.002205882
0.002205882
-0.002205882
0.004411765
0.004411765
0.002205882
-0.002205882
0.002205882
-0.002205882
0.002205882
-0.002205882
0.004411765
-0.002205882
0.002205882
-0.002205882
0.002205882
-0.002205882
0.002205882
-0.002205882
-0.002205882
-0.002205882
-0.002205882
-0.002205882
0.002205882
-0.002205882
-0.002205882
-0.002205882
0.004411765
-0.002205882
-0.005147059
-0.002205882
-0.002205882
-0.002205882
-0.002205882
0.002205882
0.004411765
-0.002205882
-0.002205882
0.002205882
-0.002205882
-0.002205882
-0.002205882
-0.005147059
0.002205882
-0.002205882
-0.002205882
-0.002205882
0.002205882
-0.002205882
0.002205882
-0.002205882
0.002205882
-0.002205882
-0.002205882
-0.005147059
-0.002205882
-0.002205882
0.002205882
-0.005147059
0.002205882
-0.002205882
-0.002205882
-0.002205882
-0.002205882
-0.002205882
-0.002205882
0.002205882
0.004411765
0.002205882
-0.002205882
-0.002205882
0.002205882
0.002205882
0.004411765
0.004411765
0.002205882
-0.002205882
0.002205882
0.002205882
0.006617647
0.002205882
0.004411765
0.002205882
0.002205882
0.004411765
0.004411765
0.002205882
0.004411765
0.004411765
0.004411765
0.004411765
0.006617647
0.004411765
0.006617647
0.004411765
0.00882353
0.006617647
0.006617647
0
-0.00367647
-0.0367647
0.004411757
-0.03602941
0.02941178
0.005147051
0.006617655
-0.03676471
0.03308823
-0.03970588
0.03455881
-0.003676469
0.01617646
-0.01985293
0.06691178
-0.005882354
0.0007352812
0.001470588
0.03014707
-0.02352942
0.08676469
0.009558829
0.03308823
0.03676471
0.03382353
0.01617647
0.06911765
0.008823532
0.06029409
0.06691178
0.08308822
0.09191174
0.08602941
0.04558823
0.04264705
0.05367647
0.07132355
0.0242647
0.02794118
0.01249999
0.07794114
0.002205886
0.07573528
0.02794118
0.0227941
-0.01250002
0.02941177
0.02647059
0.1051471
0.2095588
1.144118
3.025735
5.6125
6.806618
7.601472
7.992648
8.264705
8.323528
8.447792
8.333822
8.353675
8.294115
8.196323
8.011764
7.936763
7.74044
7.678678
7.485293
7.341177
7.129411
7.022058
6.768381
6.705147
6.537499
6.442647
6.292648
6.238235
6.111766
5.994853
5.776471
5.717648
5.490444
5.363971
5.270589
5.122058
4.964705
4.879412
4.746325
4.604412
4.419853
4.38456
4.264706
4.146324
4.069118
3.932354
3.897794
3.826472
3.686763
3.615441
3.517647
3.497793
3.383823
3.322794
3.221324
3.1625
3.110294
3.008089
2.965441
2.880146
2.740442
2.716177
2.651471
2.543383
2.458824
2.4375
2.327206
2.310293
2.228676
2.177206
2.045588
2.066911
1.972059
1.973529
1.841176
1.802941
1.713235
1.723529
1.613235
1.659558
1.597059
1.600736
1.48897
1.461029
1.415441
1.403677
1.336764
1.308088
1.286764
1.22647
1.163235
1.196323
1.111764
1.106618
1.091176
1.031618
1.005883
0.9720586
0.9801473
0.9661765
0.9323529
0.9080883
0.8588235
0.8757351
0.7933825
0.7992646
0.8073529
0.7705883
0.7183823
0.7007353
0.6919116
0.7161765
0.6580882
0.6830883
0.6867648
0.6566177
0.6
0.6352941
0.5904411
0.6117647
0.5492647
0.5227943
0.5161765
0.5294118
0.4808824
0.5095589
0.4529411
0.4257354
0.4000002
0.4411766
0.3875
0.3992647
0.357353
0.407353
0.3448529
0.3066177
0.3308823
0.3389707
0.2897058
0.35
0.3095589
0.2992647
0.3220588
0.2772059
0.2727942
0.2889706
0.2926471
0.2551472
0.232353
0.2691177
0.2316178
0.2632353
0.08455882
-0.001470589
0.01911765
0
0
0
0
0
0
0
0
0
0
0
0
0
0
0
0
0
0
0
0
0
0
0
0
0
0
0
0
0
0
0
0
0
0
0
0
0
0
0
0
0
0
0
0
0
0
0
