0
0
0
0
0
0
0
0
0
0
0
0
0
0
0
0
0
0
0
0
0
0
0
0
0
0
0
0
0
0
0
0
0
0
0
0
0
0
0
0
0
0
0
0
0
0
0
0
0
0
0
0
0
0
0
0
0
0
0
0
0
0
0
0
0
0
0
0
0
0
0
0
0
0
0
0
0
0
0
0
0
0
0
0
0
0
0
0
0
0
0
0
0
0
0
0
0
0
0
0
0
0
0
0
0
0
0
0
0
0
0
0
0
0
0
0
0
0
0
0
0
0
0
0
0
0
0
0
0
0
0
0
0
0
0
0
-0.0003205128
-0.0003205128
-0.001282051
0.0003205128
-0.001282051
-0.0006410257
0.0003205128
-0.0006410257
0.0003205128
-0.0006410257
-0.0006410257
0.002403846
0.0008012821
0.0004807696
-0.02083333
-0.006410262
-0.006570513
0.006089745
-0.008974357
0.02195512
0.0001602534
0.01826923
0.008173077
0.01923078
-0.005448719
0.03028844
-0.02115385
0.005608976
-0.02451923
0.01089744
0.01330127
0.03926282
-0.00336539
0.03060898
-0.00288461
0.02916667
-0.003205131
0.02211539
0.009134622
0.04150641
-0.005608969
0.04599357
-0.0003205142
0.00849359
-0.0110577
0.001602567
-0.004487185
0.01874999
-0.001762828
0.02147434
0.01089743
0.02483975
-0.02564103
0.08573719
0.02964746
0.06105772
0.03092951
0.09391029
0.08878203
0.1177885
0.02051282
0.09823719
0.2519231
1.303846
3.069872
5.258012
6.40609
7.104171
7.690225
7.985093
8.087497
8.058649
8.126921
8.136375
8.021475
7.879328
7.804807
7.609291
7.414745
7.323717
7.136223
7.089265
6.920195
6.733492
6.555765
6.448235
6.265382
6.138138
5.980127
5.980289
5.853681
5.698396
5.481573
5.395672
5.184456
5.140064
4.946795
4.859614
4.717628
4.601603
4.45673
4.394233
4.18686
4.125001
3.958655
3.925481
3.787821
3.706571
3.571954
3.53558
3.41234
3.321636
3.205287
3.151123
3.036056
2.992307
2.85064
2.835737
2.689423
2.644872
2.559616
2.530289
2.422756
2.401761
2.288942
2.255928
2.158174
2.114904
2.030289
2.003366
1.904326
1.866026
1.763301
1.748878
1.691826
1.673237
1.579968
1.628365
1.595032
1.504327
1.43125
1.413301
1.354167
1.314583
1.26298
1.344872
1.265384
1.255448
1.205129
1.091827
1.128526
1.0375
0.9894223
1.100961
0.9733965
0.9248393
0.8785256
0.9543266
0.8850964
0.8528844
0.8519232
0.8778849
0.8432693
0.8431093
0.7855766
0.8559296
0.8193912
0.7254806
0.6504811
0.7214746
0.639423
0.6624996
0.5990386
0.6434293
0.6451923
0.6801282
0.5921472
0.5676281
0.5312501
0.5139421
0.4538461
0.540705
0.460577
0.4647436
0.4461539
0.4793267
0.4639425
0.4251601
0.4030446
0.4418269
0.3783655
0.3770833
0.3447116
0.4383012
0.3655449
0.3934294
0.2975961
0.3990384
0.3983973
0.4105769
0.3274037
0.3953525
0.3855768
0.2730771
0.2447115
0.2564104
0.2153846
0.2328526
0.2158654
0.2496794
0.1995193
0.2554486
0.1974359
0.2028847
0.09054487
0.03221155
0.0004807694
0.0008012821
0
0
0
0
0
0
0
0
0
0
0
0
0
0
0
0
0
0
0
0
0
0
0
0
0
0
0
0
0
0
0
0
0
0
0
0
0
0
0
0
0
0
0
0
0
0
