0
0
0
0
0
0
0
0
0
0
0
0
0
0
0
0
0
0
0
0
0
0
0
0
0
0
0
0
0
0
0
0
0
0
0
0
0
0
0
0
0
0
0
0
0
0
0
0
0
0
0
0
0
0
0
0
0
0
0
0
0
0
0
0
0
0
0
0
0
0
0
0
0
0
0
0
0
0
0
0
0
0
0
0
0
0
0
0
0
0
0
0
0
0
0
0
0
0
0
0
0
0
0
0
0
0
0
0
0
0
0
0
0
0
0
0
0
0
0
0
0
0
0
0
0
0
0
0
0
0
0
0
0
0
0
0
0
0
0
0.0005856515
0.0005856515
0.0001464129
-0.0002928258
0.0001464129
0.0001464129
0.0001464129
0.0001464129
0.0007320644
-0.00102489
0.001756955
-0.005563687
0.007174232
-0.05153733
-0.004685205
-0.03265007
-0.006149333
-0.03499267
0.01991216
-0.03265009
0.004099573
-0.03645679
0.02591508
-0.01420206
-0.009370425
-0.02913617
0.01654466
-0.01215227
0.006295759
-0.04245973
0.01229868
-0.01390923
0.006295746
-0.01669107
0.02796488
0.001317718
0.02327965
-0.0147877
0.04743775
0.01229868
0.00966325
-0.006442169
0.04407028
0.0002928278
0.03030746
-0.01903367
0.0420205
0.01068814
0.02708638
0.006734999
0.05519767
0.01229869
0.06193265
0.003806734
0.1146412
0.07408486
0.03030748
0.02269399
0.1045388
0.2633966
1.204393
2.728552
4.674232
5.713614
6.444945
6.796774
7.087996
7.146416
7.160173
7.067647
7.060759
6.861196
6.764121
6.621665
6.587701
6.249045
6.17877
5.987848
5.941873
5.762516
5.572765
5.380088
5.289603
5.116399
5.024158
4.827231
4.762514
4.549635
4.389019
4.110542
4.031334
3.865737
3.792535
3.626646
3.578772
3.437919
3.377893
3.273793
3.24246
3.075112
3.04817
2.949927
2.92855
2.793704
2.778037
2.680235
2.629722
2.528404
2.49839
2.404832
2.381552
2.290922
2.258566
2.163543
2.177893
2.082285
2.067936
1.966764
1.957832
1.906588
1.864568
1.787408
1.796778
1.710248
1.71918
1.620205
1.619034
1.52855
1.507614
1.423133
1.448462
1.379502
1.363397
1.297365
1.355052
1.298829
1.253148
1.174671
1.198389
1.127672
1.140117
1.062811
1.147584
1.110688
1.109664
0.9489023
1.042606
0.919473
0.914495
0.9202048
0.8800876
0.846852
0.9136165
0.8289893
0.8061489
0.7469983
0.7972179
0.7062953
0.7661787
0.7080523
0.807321
0.647145
0.6768664
0.6344073
0.6262079
0.5676426
0.7412886
0.5625187
0.5961932
0.5445093
0.6456812
0.6200588
0.588141
0.5307467
0.5190337
0.4860909
0.502928
0.4575403
0.4677893
0.4178624
0.4598828
0.4989751
0.4505123
0.3587112
0.3836017
0.3506586
0.3557831
0.3311859
0.370278
0.2898973
0.3811124
0.3017567
0.3603219
0.2840408
0.3354318
0.3811126
0.2941432
0.2527085
0.3098096
0.2423131
0.2828695
0.2260614
0.285944
0.2219618
0.2566617
0.2235722
0.2660321
0.217716
0.2524158
0.2020498
0.2181551
0.1178624
0.02811128
0.008199122
0.00102489
-0.0001464129
0
0
0
0
0
0
0
0
0
0
0
0
0
0
0
0
0
0
0
0
0
0
0
0
0
0
0
0
0
0
0
0
0
0
0
0
0
0
0
0
0
0
0
0
0
