0
0
0
0
0
0
0
0
0
0
0
0
0
0
0
-0.0004966888
-0.0009933775
-0.0004966888
0.0004966888
-0.0004966888
-0.0004966888
0.0004966888
-0.0004966888
0.0004966888
0.0004966888
0.0004966888
-0.0004966888
-0.0004966888
0.0004966888
0.0004966888
-0.0004966888
-0.0004966888
0.0004966888
0.0004966888
-0.0004966888
-0.0004966888
-0.0004966888
-0.0004966888
0.0004966888
-0.0004966888
-0.0004966888
-0.0004966888
-0.0004966888
-0.0009933775
-0.0004966888
0.0004966888
0.0004966888
-0.0004966888
-0.0004966888
0.0004966888
0.0004966888
-0.0004966888
-0.0004966888
-0.0004966888
0.0004966888
-0.0009933775
-0.0004966888
-0.0004966888
-0.0009933775
0.0004966888
-0.0004966888
-0.0004966888
-0.0004966888
-0.0009933775
-0.0004966888
0.03278146
0.03278146
0.03162252
0.03162252
0.09602649
0.09768212
0.003642384
0.006291391
0.03940397
0.04569536
0.03940397
0.04569536
0.1023179
0.05761589
0.1038079
0.08162252
0.1038079
0.08162252
0.01821192
0.1081126
0.01970199
0.01970199
0.1081126
0.01970199
0.01456954
0.01456954
0.07218543
0.07218543
-0.01043046
0.07168874
-0.0004966888
-0.0009933775
0.0004966888
0.002649007
0.002649007
0.001490066
0.001490066
0.001490066
-0.009271523
-0.008774835
-0.008774835
0.03592715
-0.008774835
0.03642384
-0.008774835
0.03592715
-0.009271523
0.03642384
-0.008774835
0.03592715
0.01506623
0.0160596
0.03592715
0.03592715
0.03427152
0.03692053
0.0384106
0.0384106
0.0384106
0.0384106
0.03592715
0.03692053
0.0384106
0.03692053
0.03692053
0.0384106
0.03692053
0.03692053
0.03692053
0.03692053
0.03692053
0.03642384
0.03642384
0.03493378
0.03377484
0.03592715
0.03642384
0.03642384
0.0009933774
0.003145695
0.0009933774
0.002152318
-9.868319E-11
0.001986755
0.05562914
0.05347684
-0.008774843
-0.02069537
-0.006622517
-0.003145693
-0.03460265
-0.02731787
-0.02516557
-0.01390728
-0.05430464
0.05016563
-0.01440396
-0.02549667
0.0508278
-0.03178808
-0.01324503
0.03940398
-0.04602647
-0.05215231
-0.03625829
-0.05149006
0.03642386
0.04569538
-0.03261591
0.0758278
0.03923842
0.06771527
-0.0334437
0.06854308
-0.0549669
-0.01225167
-0.003642379
-0.02781457
-0.02781457
-0.01986756
0.001324511
0.05695364
-0.02334438
0.05496686
0.02301325
-0.02152317
-0.01390727
-0.004139071
0.03013244
0.03857616
0.02483446
0.03278147
0.08493381
0.2403973
1.492881
3.80563
6.318875
7.885927
8.961094
9.531463
9.887579
10.00198
9.906617
9.829304
9.799171
9.721189
9.435099
9.333112
9.064238
8.950164
8.6303
8.454476
8.228645
8.033943
7.826493
7.636091
7.428147
7.226495
7.051989
6.895864
6.866062
6.756622
6.593707
6.387749
6.205793
6.040727
5.855793
5.711092
5.555961
5.398844
5.246525
5.092549
4.968875
4.841061
4.707448
4.579803
4.466556
4.332448
4.230627
4.097021
4.021853
3.903311
3.77682
3.676656
3.6202
3.49222
3.42583
3.330466
3.237584
3.125662
3.038413
2.977649
2.863411
2.803973
2.728808
2.640397
2.575828
2.508112
2.450497
2.378974
2.310927
2.244702
2.1798
2.117383
2.078478
2.027152
1.973013
1.920364
1.871854
1.804637
1.78361
1.732781
1.681788
1.631623
1.597351
1.554139
1.49404
1.45265
1.40447
1.367716
1.342881
1.276159
1.280464
1.219703
1.19255
1.156788
1.104636
1.085928
1.068047
1.039073
1.021855
0.9657288
0.9498345
0.9364236
0.8991725
0.8715231
0.8543049
0.8350998
0.8089403
0.7741721
0.7728481
0.7238413
0.7236756
0.6908946
0.6814572
0.6493379
0.6491726
0.6314573
0.624669
0.6124173
0.5826159
0.558278
0.5604306
0.530795
0.5140731
0.5024837
0.4855963
0.4720201
0.4708611
0.4627486
0.4543049
0.4730133
0.4327818
0.435265
0.4172185
0.3943708
0.3849336
0.371192
0.3451985
0.3420529
0.3251657
0.3466887
0.3119204
0.2885761
0.2920529
0.2728477
0.27351
0.2612582
0.2581126
0.2213575
0.2548015
0.2442052
0.2236755
0.2418873
0.2180463
0.1455297
0.04155629
0.009271524
0.001986755
-0.0004966888
0
0
0
0
0
0
0
0
0
0
0
0
0
0
0
0
0
0
0
0
0
0
0
0
0
0
0
0
0
0
0
0
0
0
0
0
0
0
0
0
0
0
0
0
0
