0
0
0
0
0
0
0
0
0
0
0
0
0
0
0
0
0
0
0
0
0
0
0
0
0
0
0
0
0
0
0
0
0
0
0
0
0
0
0
0
0
0
0
0
0
0
0
0
0
0
0
0
0
0
0
0
0
0
0
0
0
0
0
0
0
0
0
0
0
0
0
0
0
0
0
0
0
0
0
0
0
0
0
0
0
0
0
0
0
0
0
0
0
0
0
0
0
0
0
0
0
0
0
0
0
0
0
0
0
0
0
0
0
0
0
0
0
0
0
0
0
0
0
0
0
0
0
0
0
0
0
0
0
0
0
0.001440329
0.0002057613
0.0008230453
0.0008230453
-0.001028807
-0.001028807
-0.0004115227
-0.001028807
-0.001851852
-0.002469136
-0.0004115227
-0.0004115227
-0.0004115227
-0.002880658
0.000823045
-0.02139918
0.03971193
0.01358025
0.05823043
0.01111111
0.02674898
0.005967088
0.02325103
0.01316873
0.03415638
-0.003086423
0.07366253
0.01378601
0.02798354
-0.01193415
0.05390949
0.01131687
0.0191358
0.001440326
0.06769548
-0.01111111
0.05329218
0.009465018
0.04855968
2.820796E-09
0.05864199
-0.0004115236
0.04897122
-0.02283951
0.02839506
0.01769547
0.04320987
-0.01008231
0.04650209
0.0002057649
0.07325102
0.05967078
0.09650207
0.04279836
0.1962963
0.1816873
0.191358
0.1467078
0.2467079
0.1886832
0.135391
0.06152265
0.1355968
0.2625514
1.336625
3.221191
5.673868
6.968107
7.6786
8.133124
8.497119
8.600002
8.578804
8.419551
8.421812
8.280244
8.157614
8.302878
8.079216
7.87757
7.807197
7.501436
7.51543
7.26605
7.074071
6.758435
6.677981
6.567901
6.297325
6.104734
6.087037
6.011934
5.986216
5.788475
5.589715
5.402468
5.310699
5.12819
5.034567
4.929013
4.72531
4.585185
4.674487
4.496296
4.45535
4.276337
4.104731
3.915842
3.915019
3.784979
3.704937
3.575719
3.603085
3.508024
3.312961
3.189505
3.253701
3.15041
2.984154
2.877366
2.946706
2.817284
2.668107
2.555761
2.595472
2.448148
2.445678
2.327366
2.283333
2.180041
2.248559
2.137244
2.033128
1.90535
1.95535
1.855761
1.771811
1.688684
1.738272
1.652675
1.588067
1.502881
1.583951
1.536007
1.493827
1.336831
1.309054
1.234156
1.398972
1.305144
1.285803
1.216873
1.069753
1.244033
1.31214
1.230453
1.187243
1.180659
1.083539
1.112551
1.099383
1.012552
0.9150205
1.027778
1.012346
1.027984
0.9693421
0.8658439
0.9691358
0.973457
0.8938272
0.8572021
0.8312757
0.9228392
0.9674897
0.812757
0.8335391
0.8179012
0.8438274
0.7543209
0.7613167
0.6884776
0.7956792
0.6320986
0.6936218
0.7059673
0.7485599
0.6555552
0.7096708
0.6298355
0.7380658
0.6746914
0.6843622
0.6843622
0.5547324
0.6172839
0.6557616
0.4158437
0.4559671
0.5376543
0.5662555
0.533539
0.4325103
0.3965022
0.3981482
0.3512348
0.4606995
0.3872427
0.430041
0.2382716
0.38107
0.30679
0.4063786
0.3462964
0.2493827
0.1010288
0.03641975
0.002263375
-0.001028807
0
0
0
0
0
0
0
0
0
0
0
0
0
0
0
0
0
0
0
0
0
0
0
0
0
0
0
0
0
0
0
0
0
0
0
0
0
0
0
0
0
0
0
0
0
0
