0
0
0
0
0
0
0
0
0
0
0
0
0
0
0
0
0
0
0
0
0
0
0
0
0
0
0
0
0
0
0
0
0
-0.0007393715
0
-0.0007393715
0
-0.0007393715
0
-0.0007393715
0
-0.0007393715
0
0
0
0
0.0005545287
-0.0007393715
0.0005545287
0
0
0
-0.0007393715
0
0
0
0
-0.0007393715
0.0005545287
-0.0007393715
-0.0007393715
-0.0007393715
0
0
-0.0007393715
-0.0007393715
-0.0007393715
-0.0007393715
0.0007393715
-0.0003696858
0
-0.0003696857
0.0005545287
-0.0003696857
0.002033272
0.0025878
0.0025878
0.0012939
0.001848429
0.0007393715
0.0007393715
0.002033272
0.03548983
0.03567468
0.1334566
0.08539741
0.1049908
0.1044362
0.007763401
0.007208873
0.04695009
0.04140481
0.048244
0.04306839
0.06857672
0.0935305
0.07153419
0.0948244
0.09426987
0.06876156
0.02624769
0.1242144
0.0245841
-0.01016636
0.07449169
-0.01072089
-0.009611829
-0.01127542
0.08373383
-0.01127542
-0.01072089
-0.01238447
0.001848429
0.0012939
0.004805915
0.005360444
0.004805915
0.004805915
0.02920518
0.0831793
0.05970426
0.06099815
0.1817006
0.2478743
0.1439926
0.04842884
0.09519409
0.1260628
0.1266174
0.1277264
0.2484288
0.3236599
0.2232902
0.177634
0.2020333
0.249353
0.09648798
0.04953789
0.04953789
0.1497228
0.1508318
0.1508318
0.1504621
0.01589649
0.01534196
0.2033272
0.01478743
0.1081331
0.1049908
0.1149723
0.03752309
0.06377079
0.06765249
0.1009242
0.05027726
0.05822552
0.07560071
0.05582255
0.08706097
0.1534196
0.09426983
0.109427
0.06543437
0.1072089
0.07190387
0.09075782
0.1868762
0.2961183
0.223475
0.05083178
0.03678372
0.05101663
0.07726431
0.1101663
0.074122
0.1937153
0.1445472
0.1116451
0.1630314
0.1225508
0.1499076
0.1924214
0.1319778
0.1242144
0.137708
0.2443624
0.1569317
0.09353051
0.1240296
0.09704249
0.09168208
0.08576709
0.07171904
0.2513863
0.06377077
0.09260631
0.03179297
0.04269871
0.2463956
1.217745
2.847135
5.2427
6.084846
6.689463
7.0634
7.401108
7.303142
7.340295
7.306098
7.355638
7.111829
7.069872
6.87782
7.026617
6.698522
6.697046
6.363958
6.395192
6.004067
6.030684
5.632715
5.780963
5.26987
5.27449
5.078373
5.300186
4.79464
4.697042
4.407579
4.283735
4.256376
4.006469
3.877635
3.850278
3.542516
3.484473
3.348248
3.315897
3.218115
3.225693
3.072273
2.98928
2.895195
2.834197
2.772088
2.711275
2.616635
2.569131
2.49353
2.590574
2.355083
2.299446
2.209613
2.37061
2.114233
2.226988
2.031607
2.126802
1.95305
1.903512
1.852125
1.961737
1.862846
1.860258
1.617559
1.759149
1.701293
1.73623
1.649353
1.506469
1.425693
1.433457
1.376895
1.376894
1.311275
1.296303
1.232717
1.225323
1.195933
1.189094
1.111645
1.128465
1.099815
1.098336
1.020888
1.037892
0.9931607
0.9907579
0.9253237
0.9560072
0.8872452
0.8826243
0.8646947
0.8750458
0.8365985
0.8353047
0.7600741
0.8131237
0.7225507
0.7417744
0.6935303
0.698706
0.6634012
0.6548981
0.6051757
0.6484287
0.5909429
0.6003695
0.5452863
0.5602589
0.5393713
0.5469501
0.501109
0.5301293
0.4761552
0.5001851
0.4534195
0.4650646
0.4473199
0.4449168
0.4088724
0.4358595
0.4049906
0.4179296
0.3794826
0.3844731
0.3587802
0.3922365
0.3650647
0.3715341
0.3670983
0.3545285
0.3177451
0.3463954
0.3125694
0.3232902
0.2876157
0.3170056
0.2765251
0.2837338
0.2656195
0.2970425
0.2532348
0.264695
0.2338264
0.2589649
0.2317932
0.2608134
0.2149723
0.1990758
0.1362292
0.04085028
0.002587801
0
0.0003696858
0
0
0
0
0
0
0
0
0
0
0
0
0
0
0
0
0
0
0
0
0
0
0
0
0
0
0
0
0
0
0
0
0
0
0
0
0
0
0
0
0
0
0
0
0
