0
0
0
0
0
0
0
0
0
0
0
0
0
0
0
0
0
0
0
0
0
0
0
0
0
0
0
0
0
0
0
0
0
0
0
0
0
0
0
0
0
0
0
0
0
0
0
0
0
0
0
0
0
0
0
0
0
0
0
0
0
0
0
0
0
0
0
0
0
0
0
0
0
0
0
0
0
0
0
0
0
0
0
0
0
0
0
0
0
0
0
0
0
0
0
0
0
0
0
0
0
0
0
0
0
0
0
0
0
0
0
0
0
0
0
0
0
0
0
0
0
0
0
0
0
0
0
0
0
0
0
0
0
0
0
0
0
0
0
0.0006382979
0.001914894
0.001276596
0.001276596
0.0006382979
0.0006382979
0.001276596
0.001914894
0.0006382978
0.001276596
-0.002765957
-0.008510639
3.93137E-09
0.003829785
0.001702132
0.0274468
0.03574467
0.02787234
0.02617021
0.01680851
0.006808502
0.02957447
0.01212765
0.02425531
0.02425532
0.04574469
0.03531915
0.02553192
-0.005957466
0.03148937
0.02170213
0.02425532
0.0112766
0.01978724
0.01127659
-0.004468108
1.014547E-09
0.01765958
-0.0025532
0.02489361
0.02425532
0.01893617
0.006595744
-0.00553193
0.0119149
-0.000638305
-0.01425532
-0.00659575
-0.001702104
-0.01191491
0.09468084
0.08851063
0.08531915
0.08574467
0.2774468
0.2848936
0.00914894
0.03510639
0.1787235
0.3614893
1.702766
4.122766
7.021274
8.725534
9.736377
10.31127
10.52829
10.64745
10.58872
10.49765
10.5017
10.32999
10.08149
9.860638
9.590635
9.621698
9.294896
9.227237
8.782981
8.594464
8.358082
8.105952
8.001278
7.703188
7.475742
7.307871
7.345109
7.308515
7.087658
6.742982
6.619362
6.488088
6.324472
6.141279
6.009151
5.850001
5.677233
5.561277
5.457446
5.437872
5.117232
5.109361
4.846807
4.765318
4.665531
4.530425
4.388722
4.284471
4.27213
4.148084
3.930215
3.839575
3.725532
3.64149
3.560424
3.484256
3.593191
3.486594
3.180852
3.119573
3.075956
2.994041
2.898298
2.842765
2.772128
2.714257
2.722341
2.662127
2.381277
2.358935
2.288937
2.24617
2.151277
2.116809
2.185532
2.10234
1.937021
1.918724
1.796808
1.782553
1.720639
1.694256
1.618723
1.616171
1.684682
1.638725
1.441277
1.530001
1.497872
1.43234
1.492766
1.455957
1.318723
1.406383
1.245744
1.33468
1.219787
1.357233
1.116808
1.21617
1.252128
1.24851
0.975319
1.072341
1.059787
1.125106
1.072979
1.044255
1.021702
0.8757442
0.8814895
0.9112769
0.7765958
0.834681
0.7510635
0.8797875
0.7514892
0.7757444
0.7323408
0.7589366
0.7985105
0.7921276
0.6504254
0.7206382
0.6704254
0.7257451
0.6504252
0.7289361
0.7234043
0.7108509
0.6282979
0.7034041
0.5319149
0.6938298
0.5019148
0.5878723
0.5099999
0.6965956
0.4778721
0.639787
0.3919148
0.4329785
0.3372341
0.3621276
0.3217021
0.4478723
0.3306382
0.4236169
0.3482978
0.3710637
0.2778723
0.1351064
0.03340425
0.01510638
0.004042553
0.002765957
0
0
0
0
0
0
0
0
0
0
0
0
0
0
0
0
0
0
0
0
0
0
0
0
0
0
0
0
0
0
0
0
0
0
0
0
0
0
0
0
0
0
0
0
0
