6.868423 -9999
0.06079102 -2.303741
3.319489 -10.4381
-0.8331451 -0.9907227
1.89473 -1.333328
0.2912903 0.1825562
-9999 -3.060638
-25.1696 -33.61404
-9999 1.955566
-9999 5.563629
-3.908722 -4.501099
-2.049057 -1.411301
-6.826675 4.327805
-9999 -6.134613
-9999 -13.64444
-9999 -6
-9999 1.555557
-0.03367615 -4.550598
-9999 -4.444443
-9999 6.97728
-13.07143 -1.990341
6.333328 2
-9999 11.43434
-9999 -2.75
-9999 -8.444443
-18.43027 -0.4391479
-6.429153 -1.31749
4.794327 -1.333328
-9999 1.210083
-9999 2.545456
-9999 9.678574
-9999 -2.380951
-9999 0.2894745
-9999 -4.484467
-7.222229 -6
-9999 -10.73685
-0.8552704 2.947357
-5.066666 1.125
-9999 7.221054
-6.080811 2.055939
7.038971 -0.5274658
-9999 -3.25
-9999 4.800003
-9999 -1.692307
-16.65263 -8.481201
-9999 -5.095795
-9999 13.16922
-7.465912 -3.17662
-4.402603 -2.563034
-9999 -13.57143
-9.57692 1
-9999 7.75
2.720001 6.679993
-9999 12.28571
-14.22223 2.613327
-9999 -4.075195
10.66666 13.33333
-9999 4.671051
-2.898788 -7.096161
-9999 6.984802
5.41539 1.948715
0.3157806 -5.368423
3.519989 -1.266678
-9999 10.37788
-9999 -2.821426
-9999 -19.28
-9999 6
-11.7619 -4.74437
-9999 18.93333
-9999 -4.698944
-9999 -6.821426
-41.81177 -6.051758
-9999 5.111115
-9999 -9.473679
-9999 37.3687
-3.213669 -6.222214
-25.14999 -4.083328
17.25 16.33333
12.15384 19.05263
-9999 -13.06667
-9999 -6.10527
-1.524475 3.009613
-9999 3.87413
5.753052 5.60228
-4.841278 -9999
-4.384613 -9999
0.75 -29.33333
4.168655 -9999
-7.701752 -9999
-9999 -31.84
-9999 3.438599
-9999 12.41904
-3.110001 -9999
-16.40659 -6.380951
-9999 -2.725266
-0.492981 2.402023
-9999 6
-9999 1.475006
-2.470184 -7.983337
-9999 7.732056
-26.84969 -9999
-9999 -22.93333
-2.009521 -9999
-1.077896 -1.409363
-9.424179 -9999
-9999 -19.45946
0.7200012 -1.333328
-9999 -3.93161
-6.147369 -11.61404
-11.91112 1.199997
-9999 -1.067337
10.58333 6.25
-9999 1.600006
-9999 -6.04837
-9999 -3.46666
-2.276428 -3.91745
-9999 -9.476181
2.639099 -9999
6.296692 6.142853
-9999 -6.952393
-9999 -3.776321
10.35428 11.93651
-1.769226 -0.04922485
-8.482315 -15.02899
-9999 -7.793655
-9999 -27.11111
-9999 -1.610626
-9999 2.880005
-9999 2.705231
-9999 -1.521011
-9999 -4.103897
-9999 -2.666672
0.3333435 0.5333405
-9999 -3.172134
-2.962662 -4.055923
-9999 -14.66667
4.42424 5.458328
-2.489517 -39.41881
-19.24138 -4.010605
-9999 -25.75
-9999 -3.07692
-36.22221 -3.555557
-9999 -1.623367
-6.375946 -7.828568
-8.483505 -12.48351
-9999 -5.886795
-32.61818 -7.151505
-6.447372 -3.318176
-14.75438 -9999
-2.666672 -9999
-8.428574 -9999
-13.89677 -9.763443
4.653336 2.438599
9.2677 12.67133
2.139999 6.475616
17.61905 -9999
-2.538467 -9999
15.30667 12.66667
-1.026321 -13.85965
-2.139221 -0.3628998
0.9423065 -6.974365
-20.14285 4.041473
-2.905273 -1.41539
0.222229 -9999
-11.49797 -1.386566
-5.384613 -9999
-7 -9.666656
8.047607 -9999
-4.25 -9.25
1.386673 -2.476181
4.986679 -9999
0.6125793 -5.58371
-2.581619 -11.76381
12.6207 -9999
3.813324 -12.66667
1.659088 -15.25
-9.025635 -9999
-10.78787 -9999
-9.983337 -9999
9.835297 5.822235
4.939392 0
0.06437683 -0.06582642
-9999 0.9199982
-9999 -8.631577
2.730774 10.57317
-9999 8
-9999 -2.295258
-9999 0.2820587
-9999 12.66667
-3.933334 4.416672
-6.598282 -0.9244385
-9999 -6.523087
-9999 -4.841278
-9999 -2
-0.8103485 -0.3629761
-9999 3.260605
-9999 0.1666718
-9999 0
-15.08109 -9.081085
-9999 -10.51442
-4.82692 1.25
6.063156 -7.599991
-23.95 -1.178574
-9999 4.36264
5.209671 -0.8333282
-4.384232 -2.45993
-9999 5.625
-9999 3.952393
-9999 3.125
0.9543762 0.671051
-10.66667 0.5333252
-9999 -41.61905
-9999 3.555557
-9999 -4.892853
-10.33333 -5.333328
-9999 -6.461533
-13.33333 7.384613
-13.48572 1.047607
2.285721 -4.947372
-9999 4.119995
-9999 5.222214
-9999 3.42308
-2.720993 -6.914948
-40.2393 2.828796
2.842102 1.508774
-4.61586 -5.36586
4.242416 -15.86667
-2.874481 -6.916916
-9999 5.006058
-9999 -11.5
-9999 2.666672
-9999 1.818176
-9999 1.473679
-17.5 -2.5
-9999 10.48889
-9999 -5.494507
-9999 0.8000031
-3.124405 -4.486633
12.66667 4
-9999 -3.839996
-9999 -4.556381
-10.76208 -3.044922
7.835892 -2.933334
-1.904297 -1.987
-1.257141 1.770218
-9999 -2.63736
-5.916672 3.808823
-9999 12.19048
-9999 -5.441559
-30 -0.3333282
-17.26666 -1.838089
-0.4117584 -2.653137
-9999 -7.803909
-2 -13.77777
-11.86667 7.676193
-9999 2.888885
-9999 -4.057693
10.40909 -1.333328
-9999 -3.302551
-4.476044 -2.457993
-9999 -18.66667
-1.796432 -1.436783
2.295456 -0.4318237
-9999 -0.2857208
13.60605 -3.666672
-9999 -10.94254
-13.92 -17.92
-4.806671 -4.666672
-5.300705 2.545456
-9999 1.643463
-9999 -4.683044
-6.777786 -9999
-9999 2.590912
-8.902771 1.296051
-9999 4.092102
0.3333282 7.714279
-11.44617 -9999
-11.41667 4.392853
-9999 -16.69118
-10.33333 -2.72728
-6.545456 -6.304077
-9999 -4.461533
-9999 -1.970901
-9999 1.853653
-1.389084 -9999
-8.028061 -2.554382
-4 -23.42857
-11.09091 -9999
-3.55864 -1.088684
-30.11111 -9999
-3.50621 -0.01091003
-9999 -0.5684357
-7.75 -9999
-4.747757 -5.969971
-9999 0.7922058
-2.466156 -9999
0.239624 -9999
-9999 -7.193726
-9999 0.9398499
-9999 -8.106094
-9999 -5.818176
-9999 -4.287064
-9999 -4.875259
-6.454544 -11.45454
-9999 2.323227
-0.5037537 -9999
-9999 -0.222229
-9999 -2.231094
-9999 -3.287766
-9999 2.410248
-9999 -14.91599
-9999 -0.6410522
-1.22728 -0.3181763
-5.35672 -11.57895
1.573334 -9999
-9999 -18.62366
-9999 -7.27272
-14.24194 -9999
-6.635895 -6.163177
-9999 -5.454544
-9999 -2.83078
-6.152771 -9999
0.09022522 4.547379
-9999 -10.39999
-12.46153 8.142853
7.587601 4.389175
-5.181824 -9999
-7.885178 1.699249
-18.93118 -8.982468
-7.574997 -5.29808
-6.083328 -9999
-9.526321 -9999
2.191223 -0.2423248
-6.277924 -20.02151
14.3158 20
-3.32164 5.989471
-1.515152 -1.412598
-0.2909088 -5.979797
4.303574 -0.3609009
-4.946304 -4.571136
3.030304 4.895248
1.085999 0.3157806
0.2082825 -3.108368
1.139389 1.866669
0.7218018 -9999
0.3099976 -9999
-1.866669 -2.666672
1.41539 6.153854
5.713745 -9999
-3.839996 -4.266663
2.105957 -3.839996
-14.68556 -9999
-5 -0.08332825
-8.668823 -9999
0.3272858 -9999
0.7318268 -5.841263
-3.345459 -9999
4 -9999
-5.986847 -7.813766
2.171112 -14.18182
8.512833 -9999
-1.25 -3.333328
-8.053055 -3.984665
7.582413 3.593842
-2.351868 1.220276
1.06456 -1.032806
0.476181 -2.916672
4.483505 5.054947
-15.76608 -2.496246
13.1515 8.761902
7.466675 -22
9.571426 5.473679
4.532257 -7.300003
4.965515 -1.333328
36.7619 -9999
0.04997253 0.03424072
-3.390839 0.5743256
-5.356644 2.696106
-9999 2.199997
-9999 -10.89879
-9999 1.681824
-9999 -8.08345
-1.422226 -5.222229
-9999 0.1818237
0.6666718 3.764709
-9999 12.58333
-9999 -15.32632
-7.733322 -5.333328
-9999 6.954544
-1.76001 -3.199997
-9999 -0.8500061
-1.776321 -0.8899536
-2.720001 -0.2200012
1.020691 3.649261
-9999 -6.844437
16.20514 19.66667
12.50461 12
-31.37778 1.733322
-9999 -22.08333
-22.15384 1.857147
8.242416 11.51515
-9999 0
-0.5140991 -0.8542786
-3.387009 -9.828568
-2.449997 4.800003
-9999 -12.13333
16.48 16.85715
-8.148026 -6.308945
-9999 -7.69696
-5.634918 -10.52382
-6.641022 -0.09716797
-9999 -13.19231
2.773331 3.835464
-9999 -1.503754
-9999 3.244446
0.5500031 2.083328
18.89999 7.733322
13.92982 10.51283
5.320007 4.839996
-11.42647 2.073532
-9999 -12.85106
-9999 -9.888885
-5.071777 0.01454163
-9999 -3.602341
-5.36264 5.447617
-9999 -2.222229
-9999 -5.893326
-4.388885 -2.222214
-9999 -3.368423
20.92857 11.42857
2.666672 7.743591
-9999 10.39999
-9999 -12.63158
-10.58182 -7.931824
-9999 -3.259766
-0.4968414 -29.75999
-9999 -0.4473724
-9999 20.66667
-11.43294 -0.3218384
-9999 -10.33333
4.408417 -9.575394
14.8022 7.54657
-17.09525 -0.4285736
-9999 -1.262848
-9999 -6.709549
-9999 -53
-9999 -38.80084
-9999 4.800003
-9999 -48.98462
2.306671 -2.159988
-9999 -18.41667
-9999 2.049271
