0
0
0
0
0
0
0
0
0
0
0
0
0
0
0
0
0
0
0
0
0
0
0
0
0
0
0
0
0
0
0
0
0
0
0
0
0
0
0
0
0
0
0
0
0
0
0
0
0
0
0
0
0
0
0
0
0
0
0
0
0
0
0
0
0
0
0
0
0
0
0
0
0
0
0
0
0
0
0
0
0
0
0
0
0
0
0
0
0
0
0
0
0
0
0
0
0
0
0
0
0
0
0
0
0
0
0
0
0
0
0
0
0
0
0
0
0
0
0
0
0
0
0
0
0
0
0
0
0
0
0
0
0
0
0
0
0
0
0
0
0
0
0
0
0
0
0
0
0
0.0109375
0.0046875
0.0007812516
0.009374995
0.06171874
-0.005468747
-0.008593751
-0.0007812451
-0.03124999
-0.040625
-0.04062499
0.03203126
0.02812498
-0.01015625
0.03749999
0.002343751
0.02656249
0.02031249
-0.01015626
-0.01171875
-0.02656249
-0.06328126
-0.0140625
-0.06718751
-0.04375
-0.03515624
0.007031254
-0.02578125
-0.0390625
-0.06953125
-0.01875001
-0.05234375
-0.01562499
-0.06015625
-0.021875
0.0007812504
-0.01328125
-0.01875
-0.0375
-0.02187501
-0.02187501
0.02734375
0.007812502
0.0234375
-2.328306E-10
0.021875
0.03906249
-0.01796875
0.0453125
0.3023438
1.828906
4.556251
7.397656
9.297653
10.41016
11.23516
11.63359
11.73906
11.76953
11.63516
11.53438
11.32031
11.10156
10.825
10.65078
10.43281
10.18359
9.918748
9.664062
9.435156
9.208593
8.950001
8.764842
8.468749
8.263283
8.089064
8.02422
7.907032
7.684374
7.40625
7.242968
7.025781
6.80469
6.615626
6.467189
6.276564
6.118749
5.910155
5.799219
5.657032
5.528126
5.386719
5.258594
5.141406
5.01797
4.74297
4.72422
4.581251
4.513282
4.372655
4.264063
4.135156
4.067187
3.979688
3.831251
3.696875
3.623439
3.528907
3.391407
3.326563
3.239063
3.139064
3.103125
3.022656
2.946875
2.822656
2.772656
2.678906
2.590624
2.514843
2.456249
2.361719
2.325
2.272655
2.21875
2.172656
2.076562
2.009375
1.984375
1.900781
1.855469
1.7875
1.771875
1.734375
1.710156
1.584376
1.599219
1.564844
1.514062
1.521876
1.425782
1.374219
1.333594
1.296094
1.330469
1.28125
1.254687
1.179688
1.179688
1.16875
1.1375
1.092969
1.09375
1.038281
1.015625
1.010937
0.95
0.8843752
0.9265625
0.8351563
0.8601565
0.8320313
0.8039065
0.7859376
0.7937501
0.7867187
0.7765628
0.7179688
0.6718752
0.6414064
0.6320313
0.5929689
0.5984375
0.6359377
0.6554689
0.5859374
0.5296874
0.5679688
0.5617188
0.4671874
0.5203125
0.5109375
0.4984374
0.4820313
0.4710938
0.5015625
0.4734375
0.4210939
0.4507813
0.4367187
0.425
0.4054688
0.4429687
0.4328125
0.4312499
0.403125
0.3890625
0.4218751
0.3828126
0.3265624
0.3039063
0.09609374
0.05078126
-0.00234375
-0.00625
-0.0015625
-0.00703125
0
0
0
0
0
0
0
0
0
0
0
0
0
0
0
0
0
0
0
0
0
0
0
0
0
0
0
0
0
0
0
0
0
0
0
0
0
0
0
0
0
0
0
0
