0
0
0
0
0
0
0
0
0
0
0
0
0
0
0
0
0
0
0
0
0
0
0
0
0
0
0
0
0
0
0
0
0
0
0
0
0
0
0
0
0
0
0
0
0
0
0
0
0
0
0
0
0
0
0
0
0
0
0
0
0
0
0
0
0
0
0
0
0
0
0
0
0
0
0
0
0
0
0
0
0
0
0
0
0
0
0
0
0
0
0
0
0
0
0
0
0
0
0
0
0
0
0
0
0
0
0
0
0
0
0
0
0
0
0
0
0
0
0
0
0
0
0
0
0
0
0
0
0
0
0
0
0
0
0
0
0
0
0
0
0
0
0
0
0
0
0
0
0
0.008823529
-0.01838236
-0.0007352996
-0.03014706
0.02794117
-0.01617648
0.01617647
-0.03308823
0.01544117
0.05735294
0.04705882
-0.01029412
0.05147059
0.0242647
0.05000001
0.02941176
0.02941177
0.03088236
0.07867647
0.01176471
0.04558823
0.03161765
0.002205891
0.0242647
0.08823529
-0.01029412
0.07279414
0.03749999
0.1007353
0.04632353
0.06911764
0.05367646
0.06397057
0.04999999
0.08014705
0.06323528
0.05514707
0.06397059
0.04117647
-0.01544118
0.0625
0.04852941
0.04117649
0.05441177
0.05661765
0.025
0.06323529
0.04779412
0.06838236
0.2882353
1.519853
3.5625
5.860295
7.160293
8.083823
8.614705
8.911031
9.066914
9.125736
9.088968
9.086769
8.938968
8.827206
8.720589
8.609558
8.342648
8.271324
8.089706
7.933825
7.724265
7.636028
7.30809
7.267648
6.984559
6.829412
6.680147
6.666177
6.504413
6.33456
6.127941
5.994851
5.731617
5.66103
5.483089
5.356617
5.160295
5.063233
4.897793
4.838236
4.713236
4.570587
4.403676
4.372794
4.166176
4.114707
3.963234
3.891176
3.772059
3.706618
3.626471
3.487501
3.350735
3.303677
3.148528
3.116176
2.999264
2.955147
2.847058
2.797794
2.700735
2.641912
2.527206
2.4875
2.382354
2.349265
2.272794
2.239706
2.107353
2.077206
2.015441
1.957353
1.894853
1.844118
1.803676
1.769118
1.717647
1.671323
1.627941
1.619853
1.519853
1.475735
1.468382
1.444118
1.419853
1.347059
1.293382
1.297794
1.253676
1.229412
1.193382
1.21397
1.115441
1.096324
1.071324
1.045588
0.9926471
0.9764702
0.9227941
0.9375001
0.8794119
0.8441178
0.8360295
0.7808824
0.7588235
0.8242647
0.6919118
0.7375001
0.7044119
0.6764706
0.6147058
0.6970587
0.5911765
0.6404412
0.567647
0.5786764
0.5661765
0.6110292
0.4720588
0.5558824
0.5080884
0.4794118
0.4698528
0.5154411
0.460294
0.4551471
0.4294117
0.480147
0.4161765
0.3948529
0.4198529
0.4794118
0.4036765
0.4477941
0.3669117
0.4301471
0.3654412
0.3985294
0.397794
0.4102941
0.3580882
0.3970588
0.3470587
0.3727942
0.3411765
0.3639706
0.3191176
0.3500001
0.3
0.3808824
0.3463236
0.2625
0.08014706
0.06911764
0.0125
0
0
0
0
0
0
0
0
0
0
0
0
0
0
0
0
0
0
0
0
0
0
0
0
0
0
0
0
0
0
0
0
0
0
0
0
0
0
0
0
0
0
0
0
0
0
0
