0
0
0
0
0
0
0
0
0
0
0
0
0
0
0
0
0
0
0
0
0
0
0
0
0
0
0
0
0
0
0
0
0
0
0
0
0
0
0
0
0
0
0
0
0
0
0
0
0
0
0
0
0
0
0
0
0
0
0
0
0
0
0
0
0
0
0
0
0
0
0
0
0
0
0
0
0
0
0
0
0
0
0
0
0
0
0
0
0
0
0
0
0
0
0
0
0
0
0
0
0
0
0
0
0
0
0
0
0
0
0
0
0
0
0
0
0
0
0
0
0
0
0
0
0
0
0
0
0
0
0
0
0
0
0
0
0
0
0
0
0
0
0
0
0
0
-0.002564103
0.00576923
-0.002564103
0.00576923
0.02179487
-0.01538462
-0.03653847
0.02435897
-0.02435897
-0.01346154
-0.01025641
-0.003846155
-0.04102565
-0.01602564
-0.05320514
0.03076923
-0.006410263
0.02692307
0.001923072
0.008333332
-0.000641025
-0.03589744
-0.006410256
0.03012821
-0.02179487
-0.008974354
-0.04615385
0.01217948
-0.01794872
0.006410258
-0.007051284
0.01217949
0.01410257
0.01153846
-0.04166667
0.03333334
-0.01538462
-0.02628205
-0.07115386
0.02628205
-0.001923082
-0.006410262
-0.01410257
1.146243E-09
-0.04679487
-0.0173077
-0.04871795
-0.007051284
-0.001282051
-3.820811E-09
-0.03589743
-0.0006410323
0.2423077
1.210257
2.864744
4.869872
5.976283
6.745515
7.210898
7.470513
7.543589
7.561537
7.41218
7.408335
7.214105
7.140385
6.953207
6.866667
6.682052
6.468591
6.312821
6.228846
6.034615
5.850642
5.672434
5.56346
5.353206
5.28333
5.098078
5.014743
4.792306
4.648717
4.371154
4.216666
4.08782
3.955769
3.789744
3.705128
3.628846
3.541027
3.391026
3.358975
3.28077
3.205771
3.085898
3.049359
3
2.916667
2.798077
2.776923
2.685898
2.591667
2.514102
2.479488
2.403847
2.364103
2.283975
2.267949
2.173718
2.103846
2.034615
2.045513
1.898077
1.932051
1.832692
1.810898
1.76859
1.719872
1.641667
1.653846
1.58141
1.540385
1.489103
1.478205
1.405769
1.378205
1.329487
1.295513
1.283974
1.260898
1.19359
1.224359
1.207051
1.176923
1.094231
1.079487
1.089102
1.038461
0.999359
1.014744
1.007051
0.9583336
0.9301282
0.9641026
0.9160258
0.9032052
0.8339742
0.8365386
0.8397435
0.805128
0.7455127
0.7653846
0.7576923
0.6948717
0.7076923
0.6653847
0.6179489
0.6339744
0.5967948
0.6121795
0.5500001
0.5512822
0.5275642
0.5108974
0.448718
0.549359
0.4519232
0.4698718
0.4647436
0.4429488
0.4000001
0.4166668
0.3839745
0.3955129
0.3641026
0.3826923
0.3576923
0.3679488
0.3102566
0.3801283
0.2858975
0.3326925
0.3314103
0.3538462
0.2769231
0.2698718
0.3051283
0.3083333
0.2679488
0.2211539
0.1826922
0.2378205
0.3032052
0.2397436
0.199359
0.2333333
0.2378206
0.2096154
0.1692308
0.2192308
0.2108974
0.2032051
0.1935898
0.1679488
0.06474357
0.0224359
0.003846154
0.003846154
0
0
0
0
0
0
0
0
0
0
0
0
0
0
0
0
0
0
0
0
0
0
0
0
0
0
0
0
0
0
0
0
0
0
0
0
0
0
0
0
0
0
0
0
0
0
