0
0
0
0
0
0
0
0
0
0
0
0
0
0
0
0
0
0
0
0
0
0
0
0
0.001
0.0004
-0.0004
0.0004
0.0022
0.0022
0.0022
0.0022
0.0022
0.0022
0.0028
0.0022
0.0022
0.001
0.001
0.0022
0.001
0.001
0.001
0.0022
0.0022
0.001
0.0004
0.001
0.0022
0.0004
0.0004
0.0004
0.001
0.0004
0.0004
-0.0004
0.001
0.001
0.001
0.001
0.0004
0.001
0.001
0.001
0.001
0.0004
0.001
0.001
0.001
-0.0004
-0.0004
0.0004
0.0004
-0.0004
0.0374
0.0366
0.038
-0.0134
0.1094
0.1126
0.009
0.0028
0.0436
0.0498
0.0436
0.0498
0.0724
0.1
0.1006
0.1006
0.0744
0.1006
0.0254
-0.0134
0.0254
0.132
0.0254
-0.0134
-0.0134
-0.0134
-0.0134
0.08880001
0.08880001
0.0882
0.0004
0.0004
0.0022
0.0022
0.0028
0.0028
0.0028
0.0022
-0.0104
-0.011
0.043
0.0424
0.0424
0.041
0.043
0.041
0.041
0.041
0.1214
0.1202
0.068
0.0134
0.041
0.041
0.041
0.0398
0.041
0.041
0.041
0.038
0.043
0.0398
0.041
0.0398
0.041
0.041
0.1158
0.1232
0.043
0.0398
0.0442
0.0442
0.041
0.0428
0.0428
0.0362
0.0208
0.02379999
-0.02140001
0.0198
-0.03600001
0.0108
-0.03360001
0.0114
0.006999983
0.0606
-0.0104
-0.001999998
-0.0102
0.01940001
-0.04279999
0.01920001
-0.0252
0.007999995
-0.05020001
0.1166001
-0.0224
0.1078
0.06399997
0.09120007
0.106
0.1082
0.05359999
0.1182
0.07640008
0.08160006
-0.01419999
0.08340005
-0.0156
0.03440001
0.08140002
0.091
-0.024
0.007199999
-0.02960003
0.008200007
-0.0228
0.05000001
-0.0254
0.00280001
0.06440006
-0.006399998
0.01499999
0.015
0.234
1.1692
2.749
4.916399
5.884998
6.751601
6.951999
7.218402
7.282798
7.314002
7.277596
7.218599
7.0496
6.9512
6.801999
6.6992
6.572396
6.411798
6.271797
6.15
5.94
5.837601
5.628199
5.5034
5.3322
5.217802
5.074602
4.959401
4.7924
4.608799
4.363799
4.254
4.067399
3.9492
3.837402
3.7708
3.605001
3.559201
3.466601
3.423
3.287799
3.248802
3.162
3.101201
3.0032
2.976201
2.8356
2.822
2.733001
2.700202
2.6032
2.605399
2.504801
2.449399
2.375801
2.3462
2.255199
2.245199
2.1612
2.140399
2.0578
2.040199
1.964
1.956599
1.866799
1.874399
1.774399
1.774199
1.699999
1.677599
1.618799
1.600599
1.518799
1.5186
1.4374
1.428799
1.386399
1.3704
1.2944
1.3304
1.269
1.264599
1.2028
1.1692
1.118
1.139
1.0872
1.0862
1.022
1.0128
0.9772
0.9963999
0.9343998
0.9369997
0.8649997
0.9151994
0.8541995
0.8612002
0.7849997
0.8431995
0.7525998
0.8043998
0.7249996
0.7374002
0.7027997
0.6871999
0.6549999
0.6366002
0.6212003
0.6385998
0.5925998
0.6212001
0.5473997
0.5758
0.5169999
0.5777998
0.5199997
0.5357999
0.4915998
0.5046
0.4566
0.4701998
0.4392
0.4477999
0.4179998
0.449
0.3872001
0.4268
0.3741999
0.4074
0.3667999
0.3857998
0.3538
0.3625999
0.3374
0.3417999
0.3142
0.3385999
0.3094
0.34
0.2571999
0.2862
0.2703999
0.2838
0.2816
0.2954
0.2548001
0.2636001
0.2554
0.2716001
0.2376
0.2520001
0.108
0.05279999
0.0108
0.003
0.0008
0
0
0
0
0
0
0
0
0
0
0
0
0
0
0
0
0
0
0
0
0
0
0
0
0
0
0
0
0
0
0
0
0
0
0
0
0
0
0
0
0
0
0
0
0
