0
0
0
0
0
0
0
0
0
0
0
0
0
0
0
0
0
0
0
0
0
0
0
0
0
0
0
0
0
0
0
0
0
0
0
0
0
0
0
0
0
0
0
0
0
0
0
0
0
0
0
0
0
0
0
0
0
0
0
0
0
0
0
0
0
0
0
0
0
0
0
0
0
0
0
0
0
0
0
0
0
0
0
0
0
0
0
0
0
0
0
0
0
0
0
0
0
0
0
0
0
0
0
0
0
0
0
0
0
0
0
0
0
0
0
0
0
0
0
0
0
0
0
0
0
0
0
0
0
0
0
0
0
0
0
0
0
0
0
0
0
0
0
0
0
0
0
0
-0.003786192
0.009131404
-0.006681507
0.03496659
-0.007572382
0.05634741
0.02249443
0.03273942
-0.02138085
0.03184855
-0.02138085
0.02583517
0.004899782
0.04654789
-0.01046771
0.01180401
-0.01180401
0.02672605
0.001781746
0.03853005
-0.03318486
0.04008908
-0.002672606
0.03986637
0.02204899
0.02427619
0.02293988
0.05812915
0.009354125
0.04543428
0.00890868
0.03897552
-0.004231631
0.04276167
-0.002227179
0.04543425
-0.03162584
0.01714922
-0.01625836
0.01091312
-0.01091315
-0.003118039
0.003118031
0.05345212
-0.02628062
0.03741645
0.004008916
0.005567922
0.007126956
0.02828507
0.2289533
1.308018
3.191315
5.569489
6.728508
7.669041
8.122716
8.450111
8.418709
8.577065
8.516038
8.504901
8.379957
8.37283
8.250777
7.948773
7.963917
7.673715
7.489532
7.389088
7.163251
7.094879
6.925611
6.769265
6.593764
6.436747
6.449666
6.258796
6.218483
6.140757
5.907129
5.669039
5.483073
5.381736
5.195766
5.0951
4.935632
4.822049
4.696883
4.602003
4.440087
4.432517
4.280845
4.1853
4.055901
4.019153
3.870601
3.787974
3.693764
3.717148
3.560132
3.393763
3.31247
3.295543
3.17216
3.129841
2.999779
2.960804
2.855902
2.813809
2.712695
2.667483
2.551225
2.577061
2.433632
2.362362
2.272829
2.364811
2.256349
2.116035
2.02049
2.028285
1.914032
1.888419
1.801782
1.793319
1.718709
1.697996
1.618709
1.549667
1.480847
1.492428
1.412026
1.433853
1.328285
1.360134
1.286414
1.249888
1.190868
1.176837
1.09755
1.11559
1.059911
1.063697
0.9986635
0.9875277
0.962584
1.073274
0.8795101
1.016036
0.970378
0.8583524
0.780401
0.8416482
0.7657015
0.7730511
0.8400893
0.7434296
0.7171489
0.7561249
0.7476611
0.7935413
0.7801781
0.7135857
0.5837417
0.6897551
0.5806235
0.6307347
0.5305121
0.5815145
0.5821825
0.5737193
0.4654789
0.4942097
0.5367483
0.5552338
0.5146994
0.5485522
0.4971049
0.4966591
0.4701559
0.4554566
0.4314033
0.4445435
0.373942
0.4224945
0.3870825
0.390646
0.3160357
0.366147
0.3138084
0.3240534
0.3427618
0.407127
0.4505566
0.3614701
0.2873051
0.2750558
0.4231624
0.4503341
0.2670378
0.2454343
0.1541204
0.04832962
0.01069042
0.004231626
0.001336303
0
0
0
0
0
0
0
0
0
0
0
0
0
0
0
0
0
0
0
0
0
0
0
0
0
0
0
0
0
0
0
0
0
0
0
0
0
0
0
0
0
0
0
0
0
