0
0
0
0
0
0
0
0
0
0
0
0
0
0
0
0
0
0
0
0
0
0
0
0
0
0
0
0
0
0
0
0
0
0
0
0
0
0
0
0
0
0
0
0
0
0
0
0
0
0
0
0
0
0
0
0
0
0
0
0
0
0
0
0
0
0
0
0
0
0
0
0
0
0
0
0
0
0
0
0
0
0
0
0
0
0
0
0
0
0
0
0
0
0
0
0
0
0
0
0
0
0
0
0
0
0
0
0
0
0
0
0
0
0
0
0
0
0
0
0
0
0
0
0
0
0
0
0
0
0
0
0
0
0
0
0
0
0
0.0006960557
-0.0009280742
-0.0009280742
-0.0009280742
0.0006960557
0.0006960557
-0.0009280742
-0.0009280742
0.0006960557
0.001392111
-0.00162413
0.0006960558
-0.02064965
-0.0002320212
0.006496514
-0.00533642
-0.01693735
-0.03016241
-0.03828307
-0.02691417
-0.02064965
-0.03155452
-0.03549884
-0.005800458
-0.01183295
-0.03642692
-0.01786543
-0.005336424
-0.0324826
-0.02320186
-0.01322506
0.01763341
-0.01113689
-0.01392111
-0.01229699
-0.004176332
-0.0176334
-0.006960553
-0.004872391
-0.01925754
-0.03619491
-0.04083527
-0.03062646
0.002552204
-0.0512761
-0.0136891
-0.03549884
-0.02064964
-0.006264496
-0.01832947
-0.01763341
0.0225058
-0.05313226
0.02250578
0.1013921
0.1083527
-0.01879351
0.006264498
0.04129932
0.0387471
0.2842228
1.51044
3.815544
6.761024
8.375875
9.470996
10.07401
10.42506
10.47911
10.57471
10.42367
10.38445
10.24548
9.93434
9.77958
9.606729
9.276795
9.095821
8.976334
8.776794
8.425752
8.238511
8.054523
7.846405
7.640377
7.437124
7.265429
7.242227
7.117866
6.914386
6.783758
6.597678
6.377959
6.233642
6.05151
5.911834
5.776334
5.599069
5.577028
5.449882
5.186542
5.068909
4.938284
4.840371
4.716473
4.581205
4.467286
4.340604
4.254525
4.112763
4.022738
3.924825
3.807889
3.716938
3.625754
3.524131
3.540835
3.444547
3.287471
3.190952
3.111833
3.037355
2.98283
2.891879
2.809049
2.756148
2.660091
2.619258
2.509743
2.447098
2.380742
2.337587
2.270301
2.223434
2.19768
2.139908
2.040602
1.973317
1.920417
1.878191
1.827147
1.746403
1.718097
1.750116
1.620881
1.658468
1.604409
1.470535
1.53898
1.383526
1.509745
1.308817
1.235267
1.351277
1.198376
1.381207
1.261253
1.285615
1.231323
1.241067
1.175174
0.9939674
1.016705
1.028075
1.002552
0.9566123
0.9577723
0.9700693
0.9150813
0.8647332
0.8761021
0.9283063
0.7814384
0.774246
0.7969836
0.8002319
0.7735499
0.749188
0.7454755
0.7886308
0.7389789
0.7408352
0.6515077
0.6946635
0.639907
0.6243618
0.601856
0.6269139
0.5874708
0.577958
0.4549883
0.4877028
0.3986078
0.4006958
0.4705336
0.4893269
0.3886313
0.4830626
0.3577725
0.4807423
0.3529001
0.3645008
0.3452436
0.3473316
0.3283062
0.3238979
0.300464
0.2858469
0.2663572
0.2888629
0.2540603
0.237123
0.1315546
0.0350348
0.001856149
0.003016241
0.0009280744
-0.0004640371
0
0
0
0
0
0
0
0
0
0
0
0
0
0
0
0
0
0
0
0
0
0
0
0
0
0
0
0
0
0
0
0
0
0
0
0
0
0
0
0
0
0
0
0
