0
0
0
0
0
0
0
0.00128041
0.00128041
-0.0007682459
0.001664533
-0.0003841229
0.002816902
0.0003841229
-0.0003841229
0
0.0007682458
-0.001152369
-0.0001280409
0.002432778
-0.00128041
0.000256082
0.00128041
0.001152369
0
-0.00128041
0.0005121639
0.001024328
-0.001792574
0.001792574
0.0007682459
0.001024328
0.0008962869
-0.001024328
0.00128041
0.0003841229
0.002048656
0.0007682457
0.00128041
0.003713188
0.004609475
0.003841229
0.007554417
0.003072984
0.005505762
0.008322664
0.003072983
0.008706787
0.007042253
0.008706786
0.0106274
0.007426376
0.01152369
0.007938541
0.01152369
0.0106274
0.009987196
0.01331626
0.01446863
0.01600512
0.0128041
0.015621
0.01830986
0.01638925
0.01997439
0.01766966
0.02074264
0.02202305
0.01830986
0.01920615
0.01959027
0.02112676
0.0212548
0.02112676
0.02496799
0.02112676
0.02176697
0.02471191
0.02368758
0.02599232
0.02330346
0.02330346
0.02740077
0.02842509
0.0297055
0.02765685
0.02445582
0.02676056
0.02112676
0.02535211
0.02816901
0.01882203
0.02202305
0.01869398
0.01971831
0.02240717
0.01741357
0.02061459
0.01856594
0.01946223
0.01895006
0.01997439
0.01459667
0.01523688
0.01805378
0.01472471
0.01818182
0.01882202
0.01446863
0.02419974
0.01664533
0.02138284
0.02419974
0.01446863
0.02151088
0.0128041
0.01997439
0.02317542
0.008706787
0.01510883
0.009859155
0.00896287
0.003713189
0.005377722
0.001920615
-0.006274007
-0.002560821
-0.01241997
-0.01229193
-0.01267606
-0.02087068
-0.02048656
-0.03034571
-0.02189501
-0.02996159
-0.03649167
-0.04417413
-0.03751601
-0.04110115
-0.04878361
-0.04878361
-0.04993598
-0.05633803
-0.05800255
-0.06504481
-0.06786171
-0.07131882
-0.07592826
-0.08553133
-0.06453266
-0.1034571
-0.08181821
-0.08322661
-0.08540332
-0.03764405
-0.1130602
-0.06952626
-0.07336745
-0.1253522
-0.0353393
-0.1327785
-0.08578746
-0.08220232
-0.1521127
-0.06542893
-0.1321384
-0.09154934
-0.09615878
-0.1322663
-0.07298333
-0.1222791
-0.04238154
-0.1011523
-0.09346995
-0.06504479
-0.06939817
-0.07349552
-0.07695261
-0.03866837
-0.06927013
-0.03175415
-0.01139565
-0.00704225
0.03572346
0.02074263
0.09257364
0.0919334
0.1422536
0.1711908
0.2759284
0.3290651
0.5098591
0.5129319
0.760947
0.8040973
0.6752883
0.7848916
0.6189502
0.8028167
2.456594
4.198592
6.982203
7.905128
8.527659
9.087577
9.207298
9.544824
9.696293
10.09116
10.14903
10.12215
10.38092
10.11319
10.02266
9.84865
9.795264
9.724581
9.425224
9.251094
9.006532
8.850195
8.622407
8.391546
8.356334
7.952108
7.882073
7.69155
7.40038
7.268243
7.122665
6.890017
6.780665
6.602689
6.339052
6.208322
6.08387
5.913826
5.71319
5.617156
5.529321
5.299105
5.332391
5.147245
5.063128
4.934569
4.702689
4.621513
4.394623
4.341488
4.253011
4.087196
4.034189
3.819845
3.760947
3.670678
3.508451
3.481564
3.33995
3.257233
3.121895
3.15442
3.021252
2.856339
2.841998
2.736106
2.662612
2.547631
2.387324
2.323304
2.27836
2.223559
2.213958
2.143406
2.027272
1.995903
1.953393
1.95173
1.891679
1.734444
1.730217
1.656721
1.682714
1.750065
1.593598
1.467221
1.527017
1.668758
1.406787
1.246094
1.538155
1.56082
1.656338
1.49475
1.317286
1.154289
1.335595
1.133163
1.27785
1.241101
1.201793
1.213444
1.143918
1.339052
1.263764
1.203073
1.228297
1.16146
1.069399
1.18822
1.060307
1.094751
1.125481
1.091166
1.141998
1.058771
1.047375
1.139565
1.024456
1.083739
1.069014
1.079258
1.020615
1.061972
0.9507045
1.013829
1.012293
0.8814351
1.094366
0.9019206
1.159283
0.9619722
0.945071
0.9554417
0.936492
0.7875805
0.9240723
0.7480156
0.8393088
1.054546
0.5514729
0.7032014
0.6500643
0.6422541
0.6038417
0.5537775
0.5801541
0.6179261
0.4126764
0.2659411
0.2217669
0.1918053
0.1527528
0.1482715
0.1079385
0.0587708
0.04046095
0.02419974
0.02253521
0.009603073
0.01139565
0.009603073
0.001408451
0
0
0
0
0
0
0
0
0
0
0
0
0
0
0
0
0
0
0
0
0
0
0
0
0
0
0
0
0
0
0
0
0
0
0
0
0
0
