0
0
-0.000135318
-0.000541272
-0.000135318
-0.000541272
-0.000135318
-0.000541272
0.000811908
-0.000135318
-0.000135318
-0.000135318
0.000811908
-0.000135318
0.001488498
0.001082544
0.000270636
0.001894452
0.00067659
0.001082544
0.00202977
0.001488498
0.00067659
0.002841678
0.001623816
0.001082544
0.001488498
0.001894452
0.001082544
0.001894452
0.002976996
0.002841678
0.003924222
0.003112314
0.002976996
0.002976996
0.005142084
0.00473613
0.00473613
0.004600811
0.006901218
0.007307172
0.005548038
0.005548038
0.007848444
0.00811908
0.00879567
0.007848444
0.007713126
0.01109608
0.01028417
0.01109608
0.0120433
0.01190798
0.0120433
0.0120433
0.01366712
0.01150203
0.01312584
0.01407307
0.01447903
0.01312585
0.01447903
0.01529094
0.01664411
0.01488498
0.01664411
0.01610284
0.0188092
0.01907984
0.0173207
0.01596752
0.01691475
0.02138025
0.01840325
0.01826793
0.01677943
0.01772666
0.01596752
0.01691475
0.01610284
0.01474966
0.01312585
0.01041949
0.009742895
0.008525034
0.007848444
0.008389716
0.008930989
0.00811908
0.0120433
0.01123139
0.01285521
0.00744249
0.007442489
0.00473613
0.006359946
0.007713125
0.008254398
0.007713126
0.006089311
0.006359946
0.00608931
0.00811908
0.007848444
0.007577807
0.003112313
0.004871448
0.005142084
0.006765901
0.002976996
0.002976996
0.002571042
0.006359946
0.005548038
0.003518268
0.005006765
0.007307173
0.00879567
0.008389717
0.005683356
0.01082544
0.00811908
0.01041949
0.005953992
0.006224627
0.005142084
0.003247632
-0.0002706372
-0.004465494
-0.006901219
-0.004600811
-0.01813261
-0.01705007
-0.01867389
-0.02571042
-0.03450609
-0.03761841
-0.04357239
-0.04776726
-0.05304465
-0.05142083
-0.05899863
-0.06427604
-0.07104195
-0.0684709
-0.07401894
-0.07699594
-0.09526388
-0.06671182
-0.1079839
-0.08633287
-0.1290934
-0.08538568
-0.1330177
-0.1017592
-0.1370772
-0.07956696
-0.1474967
-0.1055481
-0.1849797
-0.1234101
-0.1694182
-0.1615698
-0.220433
-0.1687415
-0.2143438
-0.1741543
-0.2326116
-0.1774019
-0.2284168
-0.1783493
-0.2323409
-0.1519622
-0.2315291
-0.1568336
-0.2092016
-0.1423546
-0.1817322
-0.1104195
-0.1144791
-0.06305815
-0.0991881
-0.0278755
-0.0733424
0.01096075
-0.0219215
0.05263872
0.01556157
0.3078484
0.2311231
0.3192153
0.2514208
0.7556158
0.7549396
0.7764547
0.6665767
0.6516915
1.478078
5.03234
8.825985
12.78362
14.94832
16.86821
18.60162
19.61596
20.24682
20.69161
20.66387
20.81651
20.55143
20.51286
20.21205
20.19499
19.53112
19.18215
18.71677
18.37442
18.02057
17.27253
16.72598
16.33558
15.87876
15.47335
14.99255
14.61394
14.12435
13.81299
13.27064
12.95562
12.45399
12.20284
11.74005
11.50595
11.07767
10.69662
10.2728
10.04059
9.668202
9.48349
9.092556
8.946691
8.641813
8.380647
8.030983
7.834099
7.529907
7.324353
7.019754
6.852233
6.575369
6.426117
6.15521
6.008663
5.79865
5.615154
5.368603
5.264139
4.941811
4.99756
4.731391
4.636809
4.47104
4.366441
4.149525
3.989176
3.773478
3.554667
3.415292
3.256562
3.058865
3.062654
2.833558
2.966172
2.780108
2.760757
2.546144
2.421786
2.328281
2.254941
2.079295
2.253993
1.976861
2.281595
1.862246
2.113395
1.765087
1.77862
1.882137
1.796751
1.625033
1.769552
1.622868
1.648578
1.501894
1.611502
1.455346
1.517862
1.310284
1.438294
1.286603
1.399999
1.202706
1.177672
1.24303
1.289445
1.157915
1.092016
1.08931
1.149526
0.9943171
1.201354
1.221786
1.110284
0.8897154
1.111232
1.096076
1.047903
1.029094
1.041678
0.9832204
0.9549392
0.9899867
0.9687421
0.8797025
0.951692
0.8259813
0.9795673
0.8535861
1.043708
0.8837616
1.102165
0.9791607
1.220028
0.8653589
1.13613
1.084033
1.185386
0.8879576
0.7867391
0.7362658
0.7700956
0.7108259
0.7531804
0.682003
0.7156971
0.6393779
0.7067664
0.6093373
0.3809201
0.2050067
0.185115
0.1695535
0.1518268
0.1336942
0.08403246
0.04722598
0.02909337
0.0105548
0.005953993
0.004871448
0.003247632
-0.000270636
0.000135318
0
0
0
0
0
0
0
0
0
0
0
0
0
0
0
0
0
0
0
0
0
0
0
0
0
0
0
0
0
0
0
0
0
0
0
0
