0
0
0
0
0.0002380952
5.952381E-05
2.97619E-05
0.0002083333
0.0001190476
-0.0001190476
0.0001190476
0.0001488095
-0.0001190476
0.0003869048
5.952381E-05
0.0002678571
0.0004464286
0.0001785714
-0.0002083333
0.0002678572
8.928571E-05
0.0007142858
-5.952382E-05
-0.0005952381
0.001011905
-2.976191E-05
-0.0001785714
0.0004464286
0.0005357143
0.0005654762
0.0005654762
0.0005952381
0.0002380952
0.0007440476
0.0002678572
0.0001785714
-0.0002083334
0.0004761904
-0.0003869047
0.0005357143
0.0006845237
0.0007738095
0.0008035714
0.0008035714
0.0005654762
0.001130952
2.97619E-05
0.001339286
0.001041667
0.0008630953
0.001458333
0.001726191
0.001755952
0.001875
0.003720238
0.001726191
0.001636905
0.002113095
0.0075
0.008541667
0.00875
0.009702382
0.02077381
0.02011904
0.02327381
0.02184524
0.01357143
0.01455357
0.0135119
0.014375
0.001547619
0.00235119
0.0075
0.003630952
0.003839285
0.003988095
0.00235119
0.003154762
0.01627976
0.003214286
0.003541667
0.02666667
0.01592262
0.009345238
0.01880953
0.003660714
0.003660714
0.003690476
0.007261905
0.006964286
0.006011904
0.006309523
0.006785715
0.007023809
0.00672619
0.006934525
0.00654762
0.007440477
0.004910714
0.003660714
0.005
0.004821428
0.01913691
0.01809524
0.01883929
0.01809524
0.02205357
0.02279762
0.02550595
0.02738095
0.0208631
0.02175595
0.02071429
0.01943452
0.01300595
0.007440476
0.00967262
0.01065476
0.00532738
0.01
0.004583333
0.01627976
0.01410714
0.009821424
-0.0005357145
0.02556548
0.000803566
0.003452365
0.005386892
0.02508931
0.01232142
0.02773814
-0.0129167
0.03571437
-0.01761904
0.05598218
-0.0369641
0.05738106
-0.01062504
0.028393
-0.002797612
0.01473212
0.01747024
0.0451786
-0.005535717
0.05520844
-0.01416673
0.0860713
-0.07247021
0.1192555
-0.05931528
0.08440466
-0.01184528
0.05226205
0.09910679
0.005267859
0.08505932
0.1011605
0.02005952
0.173184
-0.03586267
0.1934223
0.07595232
0.1521127
0.1258922
0.1582732
0.183065
0.1986006
0.2123207
0.285267
0.2166065
0.3484519
0.286785
0.4102688
0.3586608
0.4908341
0.4107746
0.5565184
0.5060425
0.6013407
0.6444355
0.6615191
0.7558942
0.7788092
0.7778281
0.9644338
0.8727073
1.084941
0.9874112
1.095358
1.004493
1.206877
1.218781
1.241758
1.35149
1.316607
1.30369
1.220597
1.389972
1.689435
1.69794
3.495219
3.10065
3.239403
3.378212
3.400237
3.314227
3.328509
3.522314
3.379258
3.365832
3.546963
3.336195
3.289263
3.197413
3.335422
3.031817
3.186136
2.997056
2.898483
2.830179
2.787263
2.670177
2.646281
2.412265
2.483065
2.31524
2.292442
2.08122
2.14336
1.919312
1.940834
1.843333
1.75262
1.654045
1.584732
1.529403
1.455266
1.332975
1.338512
1.121669
1.253425
0.9892272
1.075835
0.9281571
0.8609551
0.8863122
0.7172955
0.6845275
0.7023559
0.5270875
0.6428021
0.404258
0.5189626
0.3352686
0.3836033
0.2837794
0.2839877
0.2190474
0.180922
0.1415466
0.1518444
0.08687466
0.1408918
-0.009613099
0.08553512
-0.06502973
0.02690504
-0.07196419
0.0190776
-0.05479155
-0.01735117
-0.03696414
-0.01092264
-0.05678561
-0.05345224
-0.1071435
-0.02172619
-0.1013992
0.02372041
-0.09651795
0.08205295
-0.05732121
0.1217547
-0.01574407
0.05845235
0.1369037
0.07062484
0.1639877
0.1584519
0.1255644
0.287708
0.09205225
0.3506852
0.1983628
0.3411318
0.3144346
0.3978589
0.4130662
0.3797925
0.4259237
0.4614291
0.4197624
0.5288098
0.4804767
0.6154774
0.4832147
0.6598833
0.5992571
0.669109
0.6513698
0.6688996
0.6615781
0.7091676
0.7148222
0.7334228
0.672501
0.7864878
0.6674416
0.8399698
0.6693454
0.7889289
0.7504166
0.7460113
0.7072623
0.7413102
0.6711903
0.666815
0.6291967
0.6224695
0.5828276
0.5861006
0.4851484
0.5469936
0.4042853
0.4024397
0.3266367
0.2695535
0.2654464
0.1782143
0.1737201
0.2012797
0.1406251
0.1588989
0.1577678
0.1277083
0.1214881
0.07791669
0.0247619
0.01520833
0.008541668
0.004494048
0.002589286
0.001636905
0.001547619
0.001041667
0.0007738096
0.0002976191
0.0005952381
0.0003869048
0.0002678571
0.0002678571
0.0002976191
0.0004761905
-0.0001190476
0.0002976191
0.0002976191
0.0001785714
0.0002678571
0.0001785714
0.0002976191
0.0003869048
-8.92857E-05
0.0002976191
0.0003869048
0.0002976191
0.0002976191
0.0003869048
0.0002976191
0.0006547619
0.0002976191
0.0002976191
0.0003869048
0.0006547619
0.0002678571
0.0002678571
0.0003869048
0.0005654762
0.0007440476
0.0004761904
0.0002976191
0.0006547619
0.0003869048
0.0003869048
0.0003869048
0.0002976191
0.0002083333
0
0
0
