0
0
0
0
0
0
0
0
0
0
0
0
0
0
0
0
0
0
0
0
0
0
0
0
0
0
0
0
0
0
0
0
0
0
0
0
0
0
0
0
0
0
0
0
0
0
0
0
0
0
0
0
0
0
0
0
0
0
0
0
0
0
0
0
0
0
0
0
0
0
0
0
0
0
0
0
0
0
0
0
0
0
0
0
0
0
0
0
0
0
0
0
0
0
0
0
0
0
0
0
0
0
0
0
0
0
0
0
0
0
0
0
0
0
0
0
0
0
0
0
0
0
0
0
0
0
0
0
0
0
0
0
0
0
0
0
0
0
0
-0.001077199
-0.001077199
0
-0.001077199
0
0
-0.001077199
-0.001077199
-0.001077199
0.001346499
-0.001256733
-0.03016158
-0.003321368
0.04578096
0.03994612
0.05502694
0.04721726
0.01777378
0.05789951
0.02675046
0.02271096
0.02854577
0.01454219
0.006552966
0.007540396
0.0204668
0.02621186
0.02980249
0.06283665
0.04937162
0.03231598
0.02351886
0.03752245
0.03438063
0.01292638
0.01750449
0.04066427
0.03833031
0.04380611
0.05798926
0.05637348
0.04847399
0.01472173
0.03007181
0.05385999
0.04694793
0.03563735
0.01346499
0.02324954
0.02396767
0.03536805
0.04685816
0.06238781
0.04344705
0.1337522
0.1380609
0.08195695
0.1305206
0.09165176
0.2895869
1.536445
3.82047
6.327829
7.933928
8.94443
9.551805
9.89399
9.989319
9.994254
9.772801
9.800905
9.669844
9.519219
9.19282
9.013736
8.926387
8.689857
8.400626
8.291475
7.99632
7.827474
7.630616
7.446497
7.225403
7.0781
6.905289
6.851256
6.735639
6.547482
6.355564
6.211223
6.043629
5.928546
5.715347
5.553505
5.424866
5.275136
5.148836
5.071637
4.914815
4.81652
4.652158
4.496861
4.328455
4.267686
4.127737
4.023967
3.927288
3.817415
3.7272
3.64659
3.525945
3.470829
3.385011
3.248833
3.139948
3.160053
3.090573
3.012208
2.916605
2.769836
2.710679
2.608167
2.539497
2.503413
2.424956
2.378905
2.305833
2.260951
2.164722
2.11526
2.033124
2.014452
1.963557
1.963285
1.898563
1.782586
1.753322
1.724956
1.664902
1.617864
1.603501
1.537522
1.501616
1.451796
1.51948
1.398474
1.327379
1.427557
1.234561
1.257271
1.357002
1.242908
1.255567
1.223519
1.203591
1.082047
1.091383
1.103233
1.095601
1.070108
0.9198381
0.892908
0.9075399
0.9286357
0.9115806
0.883483
0.8536804
0.8707359
0.8493719
0.7775581
0.790215
0.6781866
0.7797128
0.7338417
0.7119389
0.6752244
0.7005381
0.67298
0.6662478
0.6427287
0.6078995
0.6072708
0.557092
0.5544885
0.562657
0.5350088
0.5765707
0.5809698
0.5163374
0.5185816
0.4974867
0.5677741
0.4286355
0.4319567
0.4377914
0.5017951
0.3954219
0.4243267
0.4249552
0.367325
0.3385993
0.3580789
0.3318672
0.3466783
0.316786
0.3139137
0.3166067
0.3280966
0.2736982
0.2812387
0.1701974
0.02549371
0.008886893
-0.002962298
-0.000448833
0.0005385997
0
0
0
0
0
0
0
0
0
0
0
0
0
0
0
0
0
0
0
0
0
0
0
0
0
0
0
0
0
0
0
0
0
0
0
0
0
0
0
0
0
0
0
0
