0
0
0
0
0
0
0
0
0
0
0
0
0
0
0
0
0
0
0
0
0
0
0
0
0
0
0
0
0
0
0
0
0
0
0
0
0
0
0
0
0
0
0
0
0
0
0
0
0
0
0
0.0005267779
0
0.0005267779
0.0005267779
0
0.0005267779
0.0005267779
0
-0.001053556
0
0
-0.001053556
-0.001053556
0
-0.001053556
-0.001053556
-0.001053556
0
0
0
0
-0.001053556
0
-0.001053556
0
0.0005267779
0
0
-0.001053556
0
0
-0.001053556
0
-0.001053556
0
-0.001053556
0
-0.001053556
0
0
0
0.0005267779
0
-0.001053556
-0.001053556
0
0
0.0005267779
0.0005267779
0.0005267779
0.03406497
0.03582089
0.03634768
0.03634768
0.1074627
0.1041264
0.1062335
0.1023705
0.05618964
0.05899912
0.05618964
0.05899912
-0.01387182
-0.01387182
-0.01387182
-0.01387182
-0.01387182
-0.01387182
-0.01387182
0.1162423
-0.01387182
0.1139596
0.1144864
0.1139596
0.1139596
0.1139596
0.0760316
-0.01387182
0.0760316
0.0760316
-0.001053556
-0.001053556
-0.001580334
0.0005267779
0.001053556
0.001053556
0.0005267779
0.001053556
-0.01106234
0.0005267779
0.03634768
-0.009306409
0.03634768
0.03634768
0.03634768
0.03687445
0.04389816
0.03371378
0.1078139
0.05847234
0.0874451
0.04073752
0.03459178
0.002897284
0.005179978
-0.0009657526
0.008077269
0.004916598
0.03467956
-0.02071991
0.01984199
-0.0141352
0.0660228
-0.02449519
0.06093066
0.02256369
0.1165934
0.07050037
0.1217733
-0.06760308
0.01764706
-0.007726083
0.04161551
-0.01931522
0.02036874
0.008165049
0.04398599
-0.0305531
0.08077263
-0.0211589
-0.02388061
-0.07831431
-0.007901678
-0.02247586
0.03757685
-0.01387183
0.009920977
-0.05065846
-0.05970145
-0.0599649
0.003599644
-0.05882351
-0.0219491
-0.05873564
0.02563653
0.0026339
-0.03125549
0.2593504
1.264354
3.054172
5.343196
6.418438
7.225118
7.679717
8.031954
8.018702
8.137927
8.088585
8.071556
7.929416
7.95909
7.820282
7.701494
7.477081
7.351717
7.2079
7.116497
6.894554
6.819578
6.606583
6.46769
6.300178
6.259966
6.116858
5.948466
5.870942
5.808254
5.525814
5.457769
5.270236
5.151363
4.945915
4.910275
4.72897
4.623268
4.437225
4.35022
4.167863
4.170938
3.974975
3.946621
3.737403
3.808691
3.52467
3.504655
3.380774
3.282969
3.20878
3.119843
2.982789
2.962423
2.814839
2.769271
2.643811
2.625988
2.499822
2.468743
2.342055
2.370149
2.25812
2.195697
2.110798
2.081124
1.997893
1.985865
1.866462
1.847849
1.740474
1.746971
1.687007
1.673133
1.583933
1.536875
1.461545
1.492098
1.385426
1.369974
1.29043
1.315539
1.245654
1.250132
1.149518
1.166374
1.093942
1.100439
1.020193
1.049166
1.014662
1.008955
0.9215093
0.9827032
0.8628621
0.9063213
0.8309919
0.8341526
0.7791036
0.8172069
0.7706759
0.7686567
0.6939425
0.767252
0.6552235
0.6987711
0.6489904
0.6662861
0.6155399
0.6046531
0.5503072
0.5780505
0.5436349
0.5870942
0.5284458
0.5190517
0.4919225
0.5125549
0.4517999
0.4954344
0.4539067
0.4345919
0.4127306
0.4524146
0.3899035
0.4299389
0.3882354
0.3690081
0.354346
0.3741003
0.3266025
0.3619844
0.3154523
0.3295873
0.3054435
0.3270413
0.2946445
0.3208955
0.2820019
0.3076384
0.2246708
0.2815627
0.2562774
0.2875331
0.2261634
0.2577699
0.2386305
0.2962247
0.2233539
0.3035121
0.2267778
0.2387182
0.1122916
0.03871819
0.006496927
-0.00166813
-8.779631E-05
0
0
0
0
0
0
0
0
0
0
0
0
0
0
0
0
0
0
0
0
0
0
0
0
0
0
0
0
0
0
0
0
0
0
0
0
0
0
0
0
0
0
0
0
0
