0
0
0
0
0
0
0
0
0
0
0
0
0
0
0
0
0
0
0
0
0
0
0
0
0
0
0
0
0
0
0
0
0
0
0
0
0
0
0
0
0
0
0
0
0
0
0
0
0
0
0
0
0
0
0
0
0
0
0
0
0
0
0
0
0
0
0
0
0
0
0
0
0
0
0
0
0
0
0
0
0
0
0
0
0
0
0
0
0
0
0
0
0
0
0
0
0
0
0
0
0
0
0
0
0
0
0
0
0
0
0
0
0
0
0
0
0
0
0
0
0
0
0
0
0
0
0
0
0
0
0
0
0
0
0
0
0
0
0
-0.0004842615
0
-0.0004842615
-0.0004842615
0
-0.0004842615
-0.001614205
-0.0004842615
-0.0002421308
-0.001856336
-0.004439064
-0.01719128
0.04923323
-0.01824051
0.01509282
-0.02639224
0.0196126
-0.05980634
-0.00694108
-0.06238905
0.001937045
-0.009200969
0.01041162
-0.05044395
0.01388216
-0.02154963
0.003551251
-0.03341406
0.001210662
-0.03075062
0.02243744
-0.0133979
0.02259887
0.01178369
0.01638417
0.0102502
0.03430184
0.005246166
0.0331719
0.009120252
0.05657786
-0.006537535
0.04737688
0.04552054
0.05649714
0.003470538
0.06481029
0.02138821
0.04769973
0.02905569
0.0719128
0.05165454
0.09693304
0.09071827
0.1441486
0.1016143
0.1515739
0.0609362
0.1240517
0.2942696
1.193463
2.595401
4.582165
5.59935
6.298388
6.653344
6.902582
6.908155
6.927447
6.855448
6.809772
6.674894
6.665459
6.432682
6.304115
6.199034
6.070138
5.839628
5.788135
5.511379
5.441808
5.223003
5.133169
4.942454
4.833981
4.652868
4.56021
4.386927
4.246005
4.044388
3.907909
3.735433
3.694108
3.500162
3.448992
3.318242
3.286359
3.215012
3.159241
3.070219
3.014205
2.815255
2.899676
2.696368
2.677887
2.554399
2.572641
2.471025
2.426956
2.341325
2.33083
2.258675
2.220258
2.10468
2.112831
2.093704
2.091525
1.99451
2.001534
1.853673
1.851653
1.749394
1.742695
1.666586
1.635109
1.59201
1.597983
1.505813
1.536966
1.414367
1.41461
1.321631
1.331639
1.310736
1.321389
1.20218
1.197014
1.176031
1.18975
1.130993
1.155851
1.071187
1.094754
1.001534
1.130993
0.9414849
1.06473
1.005891
0.9297817
0.9154964
0.874576
0.8125903
0.8327679
0.8671508
0.8074251
0.7493944
0.7629536
0.7119452
0.7464887
0.7149311
0.8263924
0.6559319
0.6704597
0.611057
0.6630347
0.6973362
0.6192895
0.5697334
0.7000801
0.5083129
0.5633572
0.535593
0.661904
0.4680385
0.510815
0.4577883
0.6071829
0.4314764
0.5736881
0.3970944
0.5663438
0.489023
0.5463275
0.3738498
0.5217113
0.3383373
0.5129941
0.3491522
0.3641646
0.3092007
0.3915257
0.2918481
0.450121
0.297659
0.4216302
0.2930589
0.4872473
0.422518
0.4493949
0.269895
0.3033092
0.2591607
0.2788541
0.2207426
0.2581113
0.2317193
0.2663439
0.2245359
0.2645682
0.1718321
0.2209848
0.1121874
0.03922517
0.001049233
0.002502018
-0.0001614205
0.000322841
0
0
0
0
0
0
0
0
0
0
0
0
0
0
0
0
0
0
0
0
0
0
0
0
0
0
0
0
0
0
0
0
0
0
0
0
0
0
0
0
0
0
0
0
