0
0
0
0
0
0
0
0
0
0
0
0
0
0
0
0
0
0
0
0
0
0
0
0
0
0
0
0
0
0
0
0
0
0
0
0
0
0
0
0
0
0
0
0
0
0
0
0
0
0
0
0
0
0
0
0
0
0
0
0
0
0
0
0
0
0
0
0
0
0.0007070707
-0.0005050505
-0.0002020202
0.0001010101
0.0007070707
-0.0005050505
0.0007070707
0.0001010101
0.0007070707
0.0001010101
-0.0002020202
-0.0002020202
-0.0002020202
-0.0002020202
-0.0002020202
-0.0005050505
-0.0002020202
-0.0005050505
-0.0002020202
0.0001010101
0.0001010101
-0.0002020202
0.0001010101
-0.0002020202
0.0007070707
-0.0002020202
0.0001010101
0.0001010101
0.0001010101
0.0001010101
-0.0002020202
-0.0002020202
-0.0002020202
-0.0002020202
0.0001010101
-0.0002020202
-0.0002020202
0.0001010101
0.0007070707
0.0001010101
0.0001010101
-0.0002020202
0.0001010101
0.0001010101
0.0001010101
0.0001010101
0.0001010101
0.0001010101
-0.0002020202
-0.0005050505
0.01979798
0.01818182
0.01979798
0.01878788
0.05646465
0.05646465
0.002626263
0.002626263
0.02484849
0.02484849
0.02484849
0.02484849
0.05020202
0.05020202
0.05050505
0.05050505
0.05050505
0.05050505
0.01242424
-0.007171717
0.03939394
-0.007171717
0.03939394
-0.007373737
0.04272727
0.04242424
0.04454545
0.04363636
0.04484848
-0.009797979
-0.003030302
-0.008585856
-0.005555549
-0.02020202
0.01050505
0.005252525
0.02313131
-0.01565656
0.01484847
-0.02010101
0.03373738
-0.001515157
0.05434346
0.01878789
0.04868689
0.01545454
0.0511111
0.02060606
0.08686868
0.06262628
0.05323236
-0.001111113
0.04868685
0.00535354
0.04454543
0.0159596
0.05515151
0.01818183
0.05838382
0.02313132
0.06343433
0.01868687
0.05424243
0.02767674
0.05121215
0.03949492
0.1145454
0.07292932
0.07262626
0.02676769
0.08252524
0.05141414
0.08343437
0.04161613
0.0976768
0.05606059
0.09131312
0.06040404
0.1045455
0.2689899
1.304142
2.916563
5.005253
6.036969
6.863339
7.265955
7.518793
7.560603
7.623335
7.52353
7.4997
7.33424
7.219797
7.043943
6.943938
6.79626
6.691916
6.450303
6.314247
6.166564
6.005046
5.798281
5.685858
5.478683
5.435049
5.227172
5.098688
4.91596
4.795659
4.540403
4.360408
4.16081
4.074242
3.909295
3.847274
3.781516
3.638384
3.508082
3.456869
3.428385
3.354444
3.184546
3.155557
3.081618
2.977071
2.866161
2.851412
2.808889
2.78111
2.596968
2.581615
2.491717
2.452828
2.356467
2.335049
2.24505
2.226667
2.21707
2.124848
2.098181
2.022727
1.99707
1.895757
1.868384
1.811312
1.813838
1.707474
1.63606
1.630303
1.633333
1.55303
1.49596
1.485656
1.417576
1.427678
1.347879
1.344143
1.283536
1.283939
1.227879
1.223738
1.175859
1.174142
1.107273
1.117677
1.056465
1.070909
1.012727
1.012727
0.9448489
0.9579795
0.9027268
0.9213127
0.8284851
0.8656564
0.8144444
0.825353
0.7714134
0.7978786
0.7455551
0.748889
0.7038383
0.7256559
0.6637371
0.6768689
0.6327267
0.6493946
0.5962629
0.6136363
0.5754541
0.5905055
0.5441411
0.5514138
0.5190908
0.5423233
0.5047475
0.5301009
0.4662623
0.5081819
0.4558584
0.4710101
0.4341412
0.4501007
0.4266665
0.4514141
0.4032324
0.4202018
0.3755553
0.3921211
0.3664643
0.3950502
0.3445454
0.3664645
0.3241413
0.3632325
0.3046465
0.3312121
0.3048483
0.3291918
0.2851515
0.3064646
0.2777779
0.3058586
0.259394
0.2755553
0.2566667
0.2831312
0.2385858
0.271515
0.2171719
0.2174748
0.09717169
0.03858585
0.005555556
0.001515152
0.001313131
0.0007070707
0
0
0
0
0
0
0
0
0
0
0
0
0
0
0
0
0
0
0
0
0
0
0
0
0
0
0
0
0
0
0
0
0
0
0
0
0
0
0
0
0
0
0
0
