0
0
0
0
0
0
0
0
0
0
0
0
0
0
0
0
0
0
0
0
0
0
0
0
0
0
0
0
0
0
0
0
0
0
0
0
0
0
0
0
0
0
0
0
0
0
0
0
0
0
0
0
0
0
0
0
0
0
0
0
0
0
0
0
0
0
0
0
0
0
0
0
0
0
0
0
0
0
0
0
-0.0005617978
-0.0005617978
-0.0005617978
0.0001123596
-0.0008988764
-0.0005617978
-0.0008988764
-0.0005617978
-0.0005617978
-0.0005617978
-0.0005617978
-0.0008988764
-0.0005617978
-0.0005617978
-0.0005617978
-0.0008988764
-0.001235955
-0.0005617978
-0.0005617978
-0.0008988764
-0.0008988764
-0.0005617978
0.0001123596
-0.0005617978
0.0001123596
0.0001123596
-0.0005617978
-0.0005617978
0.0001123596
0.0001123596
0.0001123596
0.0001123596
0.0001123596
0.0001123596
0.0004494382
-0.0005617978
0.0001123596
0.0001123596
0.0001123596
0.0001123596
-0.0005617978
-0.0005617978
-0.0005617978
0.0001123596
-0.0005617978
-0.0005617978
0.0001123596
-0.0005617978
-0.0005617978
-0.0005617978
0.0001123596
-0.0005617978
-0.0008988764
0.0001123596
-0.0005617978
0.0001123596
-0.0008988764
-0.0005617978
0.0001123596
0.001348315
0
0.0003370787
0.0003370787
0.0003370787
0.0003370787
0.0003370787
0.0003370787
0
0.0003370787
0.001573034
-0.00449438
-0.02101123
0.003258426
-0.01786518
-0.0001123581
0.0116854
-0.01764045
0.006516854
0.01606742
-0.006404493
-0.000786515
0.009999993
0.0211236
-0.004606747
-0.003033708
0.01426967
0.003033717
-0.004719101
-0.005393264
0.000337077
-0.0158427
-0.007865163
-0.01910112
-0.002808984
-0.0004494415
0.01764044
0.01505618
0.02382021
0.00797753
0.003370792
0.008988765
0.009438204
-0.002696633
0.006179773
0.01258427
-0.001910115
0.02280898
-0.002584267
0.00640449
0.04674155
0.03101123
0.0413483
0.02348316
0.08595502
0.06921349
0.03123596
0.07921349
0.05842694
0.3139328
1.592583
3.961462
6.607417
8.276739
9.358084
9.89022
10.3373
10.45292
10.43663
10.34854
10.22438
10.05483
9.806849
9.715616
9.484493
9.262806
9.060681
8.84124
8.636292
8.405506
8.145615
7.963485
7.770337
7.545506
7.371793
7.208429
7.140329
7.041459
6.865504
6.652694
6.487752
6.314835
6.134383
5.987082
5.812133
5.671457
5.509887
5.389884
5.277191
5.139441
4.938426
4.820449
4.698987
4.566179
4.472586
4.350111
4.233711
4.10674
4.000787
3.90584
3.804157
3.706069
3.603595
3.531797
3.427977
3.348092
3.27708
3.190111
3.072361
2.988091
2.90281
2.844719
2.782923
2.700337
2.627418
2.575393
2.495957
2.419438
2.35191
2.277528
2.221123
2.173371
2.098539
2.070786
2.026292
1.980561
1.890111
1.842809
1.791573
1.742584
1.720338
1.687304
1.670224
1.631798
1.601573
1.569775
1.454832
1.510674
1.410223
1.365393
1.364607
1.354383
1.240561
1.217528
1.195731
1.250562
1.179775
1.089101
1.123033
1.087528
1.044606
1.028427
0.9458422
0.957303
0.9196623
0.9103367
0.8884263
0.8430332
0.852584
0.8022462
0.7916852
0.7670783
0.7230334
0.722584
0.6795504
0.6968538
0.6371908
0.6469661
0.6064043
0.6221345
0.5903369
0.6130336
0.5489885
0.5711235
0.5101123
0.5369664
0.5292135
0.4956177
0.4788764
0.48191
0.4616856
0.501573
0.4652809
0.4502249
0.4291013
0.4338203
0.3857305
0.3825842
0.3634832
0.3823596
0.361798
0.3604494
0.3378651
0.3548314
0.3219102
0.3110112
0.3253932
0.3021346
0.2915729
0.3062922
0.2432583
0.130337
0.0135955
0.005730336
0.0003370787
-0.0002247191
-0.0004494382
-0.0007865168
-0.0007865168
-0.0007865168
-0.0004494382
-0.001235955
-0.0004494382
-0.0007865168
-0.0007865168
-0.0004494382
-0.0007865168
-0.0007865168
-0.0007865168
-0.0007865168
-0.0004494382
-0.0007865168
-0.0007865168
-0.0004494382
-0.001235955
-0.001235955
-0.0007865168
-0.0007865168
-0.0007865168
-0.0004494382
-0.0007865168
-0.001235955
-0.0004494382
-0.0007865168
-0.0007865168
-0.001235955
-0.001235955
-0.0007865168
-0.001235955
-0.0007865168
-0.0007865168
-0.0007865168
-0.001235955
0
0
0
0
0
0
0
0
