0
0
0
0
0
0
0
0
0
0
0
0
0
0
0
0
0
0
0
0
0
0
0
0
0
0
0
0
0
0
0
0
0
0
0
0
0
0
0
0
0
0
0
0
0
0
0
0
0
0
0
0
0
0
0
0
0
0
0
0
0
0
0
0
0
0
0
0
0
0
0
0
0
0
0
0
0
0
0
0
-0.0004474273
-0.0004474273
-0.0007829978
-0.0007829978
-0.001118568
-0.0004474273
-0.0007829978
-0.0004474273
-0.0004474273
-0.0004474273
-0.0007829978
0.0002237137
-0.0004474273
0.0002237137
-0.0004474273
0.0002237137
0.0002237137
0.0008948546
-0.0004474273
0.0002237137
0.0005592841
0.0008948546
0.0005592841
0.0008948546
0.0008948546
0.001342282
0.0005592841
0.0008948546
0.0005592841
0.0008948546
0.0002237137
0.001342282
0.0008948546
0.0005592841
0.0002237137
0.0008948546
0.0008948546
0.0008948546
0.0008948546
0.0008948546
0.0008948546
0.0002237137
0.0008948546
0.0008948546
0.0008948546
0.0005592841
0.0005592841
0.001342282
0.0008948546
0.0005592841
0.0005592841
0.0008948546
0.0005592841
0.0008948546
0.0005592841
0.001342282
0.001901566
0.001454139
0.001901566
0.001454139
0.001565996
0.00212528
0.002013423
0.00212528
0.002348993
0.001677852
0.002908278
0.002572707
-0.0001118567
0.003355705
-0.005816557
0.02404921
-0.01845637
0.04798663
0.0121924
0.0238255
0.003691274
0.02091722
-0.01073825
0.01868008
0.009060397
0.04049216
-0.007718119
0.0321029
-0.005592844
0.02058165
-0.01957494
0.04944076
-0.01666666
0.02393736
0.006152122
0.01677853
-0.007494405
0.0165548
-0.01722595
0.03042505
-0.02315436
0.02818792
-0.001565996
0.02505595
0.006487695
0.03210291
-0.005480984
0.03870249
-0.004474276
0.02337806
0.04127517
0.05581654
0.03568235
0.04742729
0.07695748
0.10783
0.07852347
0.05861299
0.07080537
0.08288597
0.0681208
0.09261749
0.2270694
1.315212
3.272035
5.61756
6.850334
7.829081
8.273942
8.547097
8.651005
8.741282
8.724277
8.636132
8.5632
8.456154
8.355035
8.256041
8.07382
7.876289
7.69228
7.601008
7.396085
7.276736
7.083221
6.955483
6.771474
6.639708
6.452566
6.438029
6.306929
6.219792
5.94631
5.831985
5.653354
5.525053
5.305145
5.225049
5.045749
4.988702
4.775951
4.68143
4.51924
4.440155
4.284563
4.207495
4.072034
3.980312
3.840716
3.762079
3.637918
3.569462
3.412864
3.366669
3.234007
3.212417
3.109397
3.049104
2.909732
2.864431
2.753582
2.705595
2.618123
2.58725
2.487362
2.435348
2.351902
2.318009
2.184564
2.155929
2.083111
2.04094
1.954251
1.930426
1.878412
1.852349
1.742058
1.732774
1.646756
1.633893
1.568233
1.538591
1.467227
1.516778
1.45425
1.425839
1.374833
1.364206
1.24698
1.22953
1.221029
1.238702
1.190492
1.159956
1.104586
1.098657
1.085794
1.007382
0.9617444
1.042505
0.9428409
0.930425
0.8815435
0.9162191
0.8318791
0.8156602
0.8013425
0.7685679
0.7369124
0.7333332
0.7288594
0.7551451
0.6385905
0.6519015
0.6553689
0.6363531
0.6176729
0.622707
0.5763985
0.5897091
0.5601789
0.5806486
0.5212529
0.5192395
0.4740492
0.5231546
0.4995526
0.5086133
0.4790828
0.4960849
0.487696
0.4055927
0.464877
0.4617452
0.378971
0.3928411
0.3639821
0.4427293
0.3752794
0.3843399
0.326622
0.3461968
0.2873604
0.3285234
0.2903802
0.2942952
0.2864655
0.3120806
0.2561521
0.2916107
0.23915
0.2704697
0.2353469
0.2353468
0.1174497
0.03568232
0.003579418
0.0002237136
0
0
0
0
0
0
0
0
0
0
0
0
0
0
0
0
0
0
0
0
0
0
0
0
0
0
0
0
0
0
0
0
0
0
0
0
0
0
0
0
0
0
0
0
0
0
