0
0
0
0
0
0
0
0
0
0
0
0
0
0
0
0
0
0
0
0
0
0
0
0
0
0
0
0
0
0
0
0
0
0
0
0
0
0
0
0
0
0
0
0
0
0
0
0
0
0
0
0
0
0
0
0
0
0
0
0
0
0
0
0
0
0
0
0
0
0
0
0
0
0
0
0
0
0
0
0
0
0
0
0
0
0
0
0
0
0
0
0
0
0
0
0
0
0
0
0
0
0
0
0
0
0
0
0
0
0
0
0
0
0
0
0
0
0
0
0
0
0
0
0
0
0
0
0
0
0
0
0
0
0
0
0
0
0
0
0
0
0
0
0
0
0
0
0
-0.002020202
0.002020201
0.002020198
0.02424242
-0.01010101
0.06969698
-0.006060598
0.005050511
-0.05656562
-0.006060611
0.007070703
-0.02323232
-0.007070703
0.05151517
-0.05252522
0.03030303
-0.02424239
0.03030303
0.008080802
0.0111111
-0.05959596
-5.268087E-09
-0.03636365
0.02121213
0.002020207
0.004040394
-0.02525251
-0.01616162
-0.09797982
0.01111111
0.008080805
-0.01212121
-0.1020202
-0.01717172
0.004040396
-0.01010102
-0.02727273
0.003030297
-0.04949496
0.04242424
-0.05656566
-0.06565656
-0.05353536
0.006060607
-0.07575755
0.004040406
-0.02121213
-0.07474744
-0.08989899
-0.008080809
0.1828282
1.352525
3.453535
5.738385
6.963635
7.812121
8.338382
8.656565
8.820203
8.961617
8.867676
8.843435
8.68788
8.611111
8.429293
8.321213
8.186869
8.080808
7.837375
7.724243
7.541413
7.464645
7.205051
7.087879
6.855555
6.714141
6.50202
6.490908
6.434342
6.255553
6.018182
5.862626
5.70202
5.582828
5.359596
5.261617
5.08788
4.971717
4.773737
4.684848
4.510101
4.370708
4.276768
4.20202
4.031313
3.971717
3.780809
3.747476
3.596969
3.545454
3.430302
3.344445
3.161616
3.144444
3.046465
3.012121
2.885858
2.831313
2.665657
2.642423
2.490909
2.570707
2.428282
2.409091
2.289899
2.280808
2.171717
2.173737
2.074748
2.030303
1.963636
1.973738
1.871717
1.823233
1.786868
1.725252
1.657576
1.677777
1.565657
1.585858
1.503031
1.5
1.39697
1.427272
1.340404
1.387878
1.312121
1.282828
1.173737
1.155556
1.129293
1.165656
1.065656
1.076768
0.9878789
0.9989898
0.9444441
0.9595963
0.8787879
0.9525253
0.8434342
0.8
0.7747476
0.8232325
0.6858585
0.7343432
0.6949493
0.7666665
0.6585857
0.70101
0.6181818
0.6686869
0.5707069
0.5797979
0.5363636
0.6272727
0.540404
0.5909089
0.4656565
0.5686868
0.4969697
0.5787877
0.431313
0.5373736
0.5191918
0.4858585
0.429293
0.4424242
0.4323233
0.4484848
0.3626262
0.389899
0.2909091
0.3969695
0.2808081
0.3717171
0.2757576
0.3161616
0.3191919
0.3202021
0.329293
0.3151515
0.2212121
0.3020202
0.259596
0.2828283
0.250505
0.2969697
0.2585859
0.29899
0.2
0.1858586
0.02828283
0.02424243
-0.006060606
0
0
0
0
0
0
0
0
0
0
0
0
0
0
0
0
0
0
0
0
0
0
0
0
0
0
0
0
0
0
0
0
0
0
0
0
0
0
0
0
0
0
0
0
0
0
0
