0
0
0
0
0
0
0
0
0
0
0
0
0
0
0
0
0
0
0
0
0
0
0
0
0
0
0
0
0
0
0
0
0
0
0
0
0
0
0
0
0
0
0
0
0
0
0
0
0
0
0
0
0
0
0
0
0
0
0
0
0
0
0
0
0
0
0
0
0
0
0
0
0
0
0
0
0
0
0
0
0
0
0
0
0
0
0
0
0
0
0
0
0
0
0
0
0
0
0
0
0
0
0
0
0
0
0
0
0
0
0
0
0
0
0
0
0
0
0
0
0
0
0
0
0
0
0
0
0
0
0
0
0
0
0
0
0
0
0
0
0
0
0
0
0
0
0
0
0
0.01145833
-0.07395834
-0.05104167
0.0125
-0.04270833
-0.09166669
-0.08645833
-0.07083332
-0.1197917
-0.0125
-0.0375
0.005208337
0.01354167
-0.05416667
0.04791667
-0.07291666
0.00833333
-0.06250001
0.00104166
-0.07708333
0.001041685
-0.02395833
0.01979168
-0.03333333
-0.00729166
-0.00520833
0.02395834
-0.01354166
-0.02812499
-0.01666666
0.008333322
0.03020834
0.02604168
-0.009374998
0.01875001
0.034375
0.03750001
-0.03020833
-0.01562501
-0.001041669
-0.021875
-0.05104168
-0.01875
0.006250009
0.059375
-0.008333336
0.01770834
0.004166662
0.02187501
0.1989583
1.696875
4.795833
7.714584
9.65729
10.82396
11.56146
12.02083
12.15104
12.21979
12.01458
11.90312
11.65104
11.42604
11.13021
10.93333
10.76875
10.46979
10.15521
9.962499
9.704167
9.439584
9.22396
8.960416
8.750001
8.504167
8.277084
8.296875
8.16875
7.898957
7.667707
7.386459
7.257292
7.077084
6.803126
6.707293
6.509375
6.336457
6.116665
6.019792
5.776042
5.698958
5.571875
5.373959
5.186457
5.170833
4.975
4.812499
4.716666
4.545832
4.4125
4.337499
4.204166
4.167709
3.963542
3.873958
3.758333
3.664583
3.519791
3.483333
3.405209
3.341666
3.207291
3.141666
3.032292
2.94375
2.895834
2.788542
2.765625
2.704167
2.6
2.590625
2.504166
2.4
2.363542
2.248958
2.296876
2.155208
2.116667
2.072916
2.007291
1.983333
1.845833
1.805208
1.844792
1.778125
1.704167
1.683333
1.609375
1.591666
1.510416
1.54375
1.530208
1.4625
1.421875
1.363541
1.286458
1.328125
1.225
1.183333
1.172916
1.1625
1.1
1.071875
1.039583
1.046875
1.007292
1.013542
0.9812499
0.9635415
0.8885416
0.9156251
0.8979166
0.8708333
0.8343751
0.8197916
0.7791665
0.8333332
0.7541668
0.7927082
0.7239583
0.6958333
0.6645833
0.6281249
0.6864582
0.6697916
0.6322917
0.6208332
0.5916667
0.55
0.6072916
0.5583333
0.5218748
0.5520833
0.4739583
0.465625
0.478125
0.4864584
0.5260416
0.4770834
0.453125
0.4291666
0.4197916
0.3614582
0.3260417
0.3645833
0.3499999
0.3916667
0.3322916
0.3427083
0.2864583
0.3072917
0.1375
0.04479166
0.003125
0.003125
0
0
0
0
0
0
0
0
0
0
0
0
0
0
0
0
0
0
0
0
0
0
0
0
0
0
0
0
0
0
0
0
0
0
0
0
0
0
0
0
0
0
0
0
0
0
