0
0
0
0
0
0
0
0
0
0
0
0
0
0
0
0
0
0
0
0
0
0
0
0
0
0
0
0
0
0
0
0
0
0
0
0
0
0
0
0
0
0
0
0
0
0
0
0
0
0
0
0
0
0
0
0
0
0
0
0
0
0
0
0
0
0
0
0
0
0
0
0
0
0
0
0
0
0
0
0
0
0
0
0
0
0
0
0
0
0
0
0
0
0
0
0
0
0
0
0
0
0
0
0
0
0
0
0
0
0
0
0
0
0
0
0
0
0
0
0
0
0
0
0
0
0
0
0
0
0
0
0
0
0
0
0
0
0
0
0
0
0
0
0
0
0
0
0.002654867
-0.009734513
-0.02035398
-0.0884956
-0.02831858
-0.03274335
-0.01946904
-0.03628318
-0.05309736
-0.09557521
-0.05221239
-0.06725664
-0.06194693
-0.1504425
-0.04690266
-0.07256637
-0.05309736
-0.05929203
-0.03805309
-0.08407083
-0.03451328
-0.07522124
-0.03539826
-0.05840706
0.02035397
-0.03716815
-0.01769911
-0.04159293
0.0159292
-0.06548673
-0.007079649
0.009734511
-0.01061947
-0.0159292
-0.02300885
0.01504425
0.0300885
-0.04513275
0.002654871
-0.02123894
0.01769911
-0.05752211
-0.007079645
-0.05221237
5.274747E-09
-0.07433631
-0.007964601
-0.04424778
0.006194684
-0.02300885
0.02743363
0.279646
1.289381
2.892921
4.931858
6.105309
6.90177
7.289382
7.60177
7.665486
7.745133
7.636282
7.607966
7.469911
7.339824
7.131859
7.052212
6.815044
6.711504
6.518584
6.372567
6.17522
6.041594
5.753981
5.727433
5.606194
5.407078
5.202655
5.115043
4.984955
4.800886
4.50531
4.347787
4.229204
4.050442
3.911505
3.843362
3.650443
3.644248
3.449558
3.378761
3.338938
3.288496
3.132744
3.153982
3.071682
2.993805
2.913274
2.858407
2.716814
2.709735
2.568141
2.539824
2.49469
2.435398
2.331858
2.3
2.231858
2.215044
2.138054
2.086725
2.039823
1.995575
1.89292
1.90177
1.835398
1.79469
1.664602
1.606195
1.638053
1.604425
1.50354
1.507079
1.457522
1.491151
1.347788
1.3
1.338053
1.279646
1.177876
1.251327
1.183186
1.176106
1.117699
1.158407
1.064602
1.047788
1.002655
1.039823
0.9575222
0.8955753
0.8876104
0.8672566
0.8699116
0.8840708
0.79823
0.8115045
0.7415929
0.7530972
0.6876107
0.6690266
0.6858407
0.7283186
0.6053097
0.6300886
0.6274337
0.659292
0.538938
0.5938054
0.519469
0.6159292
0.5061947
0.5495576
0.4920354
0.5557523
0.4300885
0.4796461
0.4592921
0.5407081
0.4522124
0.4557523
0.4681416
0.4628319
0.3973451
0.460177
0.3929204
0.4026548
0.3716814
0.4070796
0.3920354
0.3893804
0.3389381
0.3849558
0.3469027
0.3424778
0.320354
0.3628318
0.3159292
0.320354
0.2300885
0.321239
0.260177
0.2929204
0.2654867
0.2592921
0.3
0.3247787
0.2256637
0.2168142
0.2380531
0.2530974
0.2053097
0.1672567
0.1380531
0.01327434
-0.0008849557
0
0
0
0
0
0
0
0
0
0
0
0
0
0
0
0
0
0
0
0
0
0
0
0
0
0
0
0
0
0
0
0
0
0
0
0
0
0
0
0
0
0
0
0
0
0
0
