0
0
0
0
0.001208459
-0.0001510574
-0.0001510574
-0.0003021148
-0.0004531722
-0.0003021148
-0.0004531722
0.001057402
0.0006042296
-0.0003021148
-0.0004531722
0.001510574
0.001057402
-0.0004531722
0.0006042296
-0.0003021148
-0.0004531722
0.001057402
0.0006042296
0.0001510574
-0.0004531722
0.001057402
0.0006042296
0.001963746
0.001057402
0.001057402
0.001057402
0.001510574
0.0001510574
0.001963746
0.001510574
0.001057402
0.0006042296
0.001057402
0.001510574
0.001057402
0.001057402
0.001510574
0.001057402
-0.0004531722
0.001057402
-0.0003021148
0.001057402
0.001057402
0.001057402
0.001963746
0.001057402
0.001057402
0.001057402
0.001510574
0.03141994
0.03096677
0.03338369
0.06208459
0.1223565
0.120997
0.1256797
0.1858006
0.1409366
0.1418429
0.139426
0.1043807
0.03942598
0.03942598
0.04501511
0.002416919
-0.01752266
-0.0173716
-0.006948641
-0.0173716
0.006193354
0.07688822
0.03655589
0.006344411
0.07598187
0.1170695
0.006344411
0.005287009
-0.02311178
0.1323263
-0.01042296
-0.01087613
-0.01042296
0.003021148
0.003021148
0.00347432
0.004380664
0.005287009
0.003021148
0.005287009
-0.006495469
-0.01510574
-0.01646526
0.06359516
0.02567976
0.06978852
0.02386707
0.06404834
0.02386707
0.06359516
0.04561934
0.05740181
0.06797583
0.04561934
0.04561934
0.04712991
0.06888217
0.06978852
0.06601208
0.07084592
0.06888217
0.06888217
0.06752266
0.07069486
0.06978852
0.07084592
0.07084592
0.06978852
0.04758308
0.05558912
0.06978852
0.05271903
0.05377643
0.07175227
0.06782477
0.06978852
0.06978852
0.06888217
0.03655589
0.02703927
0.03413897
-0.004078549
0.002416919
0.002870091
0.003021148
0.003021148
-0.004682779
-0.01752266
0.06510574
-0.008006043
0.003021148
0.003021148
0.001057402
0.002567976
-0.01404834
0.06782477
-0.009516622
0.1078549
0.06253783
0.1036254
0.1708459
0.1767371
0.1268882
0.1114803
0.1570997
0.1359516
0.04924469
0.04229607
0.1070997
0.2306646
0.0493958
0.1013595
0.1791541
0.2043806
0.08141993
0.1637461
0.1489426
0.1333837
0.09033235
0.139577
0.1268882
0.1604229
0.0563444
0.1113293
0.1040786
0.1531722
0.1203928
0.1048338
0.09350448
0.1664652
0.06283989
0.1040785
0.1010574
0.1246223
0.0584592
0.1111783
0.05679754
0.1219033
0.1206949
0.1336858
0.07583083
0.1271903
0.01208459
0.1930515
0.252568
1.507854
3.189427
5.722355
6.816465
7.667068
8.031418
8.4009
8.355287
8.470393
8.402719
8.374022
8.250002
8.121908
8.095767
8.005738
7.822051
7.693655
7.546978
7.398793
7.214197
7.01254
6.942299
6.689426
6.60423
6.443505
6.330966
6.274621
6.138216
5.97296
5.821907
5.645471
5.436106
5.346676
5.162537
5.043054
4.901963
4.818278
4.62568
4.546526
4.385951
4.355439
4.14577
4.12704
3.939276
3.931874
3.714201
3.711933
3.53837
3.48852
3.361329
3.310121
3.20695
3.178853
3.036858
2.989276
2.876134
2.845015
2.723262
2.681421
2.59728
2.55287
2.450605
2.405439
2.314953
2.287312
2.196073
2.240636
2.15423
2.074623
1.943355
1.929608
1.869336
1.843506
1.764804
1.747886
1.668883
1.654079
1.559819
1.527795
1.464805
1.449095
1.370242
1.393052
1.312689
1.347281
1.269486
1.23852
1.185801
1.185649
1.111027
1.127342
1.062991
1.075528
1.002417
1.005438
0.9336856
0.9518124
0.886405
0.9160119
0.9365555
0.8703924
0.9228091
0.7933533
0.8403325
0.7839876
0.8528699
0.7839876
0.8030211
0.7666159
0.7057399
0.6580062
0.721752
0.6788517
0.6469786
0.6534741
0.5924471
0.5714501
0.5228094
0.5551357
0.5513595
0.5900301
0.487009
0.4853472
0.5064951
0.4829301
0.4250755
0.4673714
0.4601206
0.4377639
0.3910876
0.4312687
0.4089123
0.4084592
0.3616315
0.3925983
0.3188821
0.3941088
0.3554381
0.3737161
0.3389727
0.3480363
0.3161631
0.4225074
0.3793052
0.3043807
0.2805136
0.3004531
0.2670695
0.2996979
0.2599699
0.2651058
0.1415408
0.04441088
0.004833837
0.001963746
-0.0004531722
0
0
0
0
0
0
0
0
0
0
0
0
0
0
0
0
0
0
0
0
0
0
0
0
0
0
0
0
0
0
0
0
0
0
0
0
0
0
0
0
0
0
0
0
0
