0
0
0
0
0
0
0
0
0
0
0
0
0
0
0
0
0
0
0
0
0
0
0
0
0
0
0
0
0
0
0
0
0
0
0
0
0
0
0
0
0
0
0
0
0
0
0
0
0
0
0
0
0
0
0
0
0
0
0
0
0
0
0
0
0
0
0.0002642008
-0.0001321004
0.0002642008
0.0003963012
0.0002642008
-0.0001321004
-0.0001321004
-0.0005284016
0.0002642008
-0.0005284016
-0.0001321004
0.0002642008
-0.0001321004
-0.0005284016
0.0002642008
-0.0001321004
-0.0005284016
0.0003963012
-0.0005284016
0.0007926024
-0.0001321004
-0.0005284016
-0.0005284016
-0.0001321004
0.000660502
-0.0005284016
-0.0005284016
-0.0005284016
-0.0005284016
-0.001321004
-0.0005284016
-0.0009247029
-0.0001321004
-0.0005284016
-0.0005284016
-0.0001321004
-0.0001321004
-0.0001321004
0.000660502
-0.0001321004
-0.0001321004
-0.0005284016
0.001056803
-0.0001321004
-0.0001321004
0.0003963012
0.0002642008
-0.0005284016
-0.0009247027
-0.0005284016
0.02602378
0.02760898
0.02681638
0.04914135
0.1018494
0.1714663
0.134214
0.1462351
0.1154557
0.04095112
0.04293263
0.06988111
0.1154557
0.1146631
0.1080581
0.1146631
0.1138705
0.1150595
0.1346103
0.07450463
0.1001321
0.04266843
-0.01836195
0.04280053
0.0327609
-0.01822986
0.07371202
0.04927345
0.04848085
-0.01822986
-0.009511229
0.05852047
-0.009379129
0.00634082
-0.02258917
-0.002377802
-0.04253631
0.02285336
-0.06882432
0.00660502
-0.02364598
0.03659179
-0.009511229
0.07886394
0.01202116
0.068428
0.01083223
0.05759575
0.006605014
0.05944513
-0.02166445
0.03896961
-0.0009247058
0.02906209
0.004491405
0.0772787
-0.00290621
0.07582562
0.01598413
0.08943199
0.01638044
0.08929984
0.03051518
0.09220604
0.03989432
0.09696168
0.005151921
0.0659181
0.02628797
0.1391017
0.07714656
0.08005286
0.02351384
0.1247028
0.05759575
0.0977544
0.04821663
0.17107
0.08718643
0.1404227
0.09062088
0.1270806
0.2628799
1.219816
2.77041
5.018234
5.94465
6.640287
6.935534
7.219421
7.259053
7.276753
7.085733
7.170275
7.039631
6.967899
6.770141
6.671202
6.450855
6.444517
6.107398
6.112547
5.866842
5.726686
5.580318
5.526422
5.324438
5.227079
5.076223
4.946237
4.857201
4.615194
4.444254
4.324571
4.082167
3.949669
3.875427
3.763011
3.60383
3.569349
3.526947
3.395244
3.425758
3.302774
3.066447
3.168426
2.996168
3.039628
2.79115
2.796169
2.770146
2.644516
2.636195
2.539367
2.498282
2.398283
2.277146
2.32708
2.169485
2.186921
2.084015
2.084941
1.957728
1.997227
1.847822
2.006472
1.797094
1.926421
1.688375
1.802378
1.666314
1.604888
1.482563
1.549274
1.425231
1.448349
1.373052
1.364333
1.304095
1.306737
1.232365
1.267371
1.156143
1.203303
1.113474
1.156143
1.050726
1.090357
0.9867896
1.105548
1.031043
1.044782
0.9116243
0.9678997
0.8591805
0.9101713
0.8225886
0.8471588
0.7663137
0.8249676
0.7512541
0.8183617
0.7121531
0.8021131
0.700528
0.7573315
0.6785998
0.7256275
0.6253628
0.6557462
0.596301
0.6285335
0.5858648
0.6199467
0.5352705
0.6520476
0.529062
0.5582559
0.480581
0.5439891
0.4425366
0.5208717
0.4346103
0.4911491
0.4044914
0.4418757
0.3649932
0.438441
0.3601056
0.4054162
0.3508587
0.3862613
0.3141348
0.3848084
0.2861293
0.3573314
0.2772788
0.3437252
0.3634081
0.3187582
0.24716
0.3141347
0.2331573
0.3002641
0.2398942
0.2981504
0.2273448
0.2988109
0.2060766
0.283091
0.2043594
0.2702773
0.188243
0.2454424
0.08639363
0.04900925
0.003830912
0.003963012
0.002113606
0.000660502
0.0002642008
0
0
0
0
0
0
0
0
0
0
0
0
0
0
0
0
0
0
0
0
0
0
0
0
0
0
0
0
0
0
0
0
0
0
0
0
0
0
0
0
0
0
0
