0
0
0
0
0
0
0
0
0
0
0
0
0
0
0
0
0
0
0
0
0
0
0
0
0
0
0
0
0
0
0
0
0
0
0
0
0
0
0
0
0
0
0
0
0
0
0
0
0
0
0
0
0
0
0
0
0
0
0
0
0
0
0
0
0
0
0
0
0
0
0
0
0
0
0
0
0
0
0
0
0
0
0
0
0
0
0
0
0
0
0
0
0
0
0
0
0
0
0
0
0
0
0
0
0
0
0
0
0
0
0
0
0
0
0
0
0
0
0
0
0
0
0
0
0
0
0
0
0
0
0
0
0
0
0
0
0
0
-0.0001560062
0
0.0009360375
0.0009360375
0
0.0009360375
0.0004680187
0.0009360375
0.0009360375
-0.0007800312
-0.0024961
-0.005928238
-0.004368175
0.04352574
0.01575664
0.03447736
0.02277691
0.01794072
0.03931357
0.02995319
0.03572543
0.04664588
0.02355694
0.02808112
0.0201248
0.008424343
0.04508581
0.04804993
0.02308893
0.02792513
0.03260529
0.008424347
-0.001092041
0.000624027
0.03151327
0.02683306
0.0299532
-0.01232449
0.008112323
0.02184088
-0.005148201
0.009516382
0.01060842
0.005148207
-0.00280811
0.00390016
-0.02043681
0.01326053
-0.01279251
0.005460225
0.01700468
0.07769111
0.05288607
0.05819027
0.0957878
0.1800312
0.1901716
0.1683308
0.1361934
0.1143526
0.3156005
1.585023
3.833228
6.659595
8.17426
9.13558
9.582531
9.985494
9.87785
9.92637
9.965052
9.77504
9.629491
9.405621
9.172855
9.013732
8.716074
8.738537
8.442901
8.375668
8.021217
7.874261
7.647893
7.444466
7.303587
7.09735
6.877069
6.829177
6.81966
6.625587
6.45195
6.216225
6.058501
5.893136
5.773792
5.614041
5.497349
5.300001
5.226365
5.039312
4.939624
4.841966
4.66162
4.647736
4.503432
4.414041
4.283621
4.201872
4.070826
3.949764
3.864743
3.760374
3.67379
3.580813
3.530734
3.414354
3.350392
3.235883
3.15632
3.048363
2.969423
2.927147
2.882839
2.797348
2.721061
2.657254
2.609204
2.618254
2.484244
2.33042
2.282838
2.224649
2.179407
2.119501
2.05273
2.003901
1.917784
1.866459
1.85195
1.768331
1.686428
1.656942
1.6117
1.598284
1.60078
1.51248
1.64181
1.471763
1.517317
1.4805
1.365211
1.429173
1.33245
1.38674
1.409361
1.353199
1.217005
1.111232
1.215289
1.063339
1.275819
1.250078
1.120905
1.103276
0.9734792
0.9179405
1.030577
0.9631832
0.9232447
0.9065524
0.8627146
0.8558503
0.8915758
0.7446179
0.7382214
0.7235571
0.7411855
0.6878313
0.7101402
0.6826831
0.6444618
0.6648985
0.6681746
0.600936
0.5989078
0.5581903
0.5886117
0.55897
0.5586585
0.5318252
0.540094
0.5511699
0.5464899
0.4616225
0.3826833
0.5124806
0.3614667
0.3653669
0.3645867
0.3414979
0.482527
0.3884557
0.3268331
0.3636507
0.4074887
0.4112326
0.4165367
0.2878315
0.3140405
0.270047
0.2946957
0.2585022
0.1123245
0.02480499
0.004836194
0.005616224
0.001404056
0
0
0
0
0
0
0
0
0
0
0
0
0
0
0
0
0
0
0
0
0
0
0
0
0
0
0
0
0
0
0
0
0
0
0
0
0
0
0
0
0
0
0
0
0
