0
0
0
0
0
0
0
0
0
0
0
0
0
0
0
0
0
0
0
0
0
0
0
0
0
0
0
0
0
0
0
0
0
0
0
0
0
0
0
0
0
0
0
0
0
0
0
0
0
0
0
0
0
0
0
0
0
0
0
0
0
0
0
0
0
0
0
0
0
0
0
0
0
0
0
0
0
0
0
0
0
0
0
0
0
0
0
0
0
0
0
0
0
0
0
0
0
0
0
0
0
0
0
0
0
0
0
0
0
0
0
0
0
0
0
0
0
0
0
0
0
0
0
0
0
0
0
0
0
0
0
0
0
0
0
0
0
0
0
0.002155172
0.002155172
0.002155172
-0.000862069
0.002155172
-0.000862069
0.002155172
0.003448276
0.002155172
-0.001724138
0.004310345
-0.01465517
-0.02068965
-0.03060346
-0.01336207
-0.01810345
0.01336207
-0.01810344
-0.03577588
-0.04008622
-0.05775863
-0.009051718
-0.02672414
0.002586216
-0.04439658
-0.03060345
-0.03448276
-0.01551724
-0.01551724
-0.05172415
-0.03793102
-0.04612068
-0.02629309
-0.008189656
-0.02155172
-0.0521552
-0.01637931
-0.03275862
-0.04310345
-0.00086208
-0.04008619
-0.01594827
-0.01249999
0.003448283
-0.02672414
-0.07758617
-0.04612071
-0.03232758
-0.02931036
-0.03060344
0.05775861
0.07715517
0.06120688
0.05905174
0.2573277
0.2116379
0.2025862
0.2146552
0.1340517
0.3284483
1.539224
3.912068
6.700001
8.368104
9.431034
10.05345
10.43578
10.55
10.59224
10.39526
10.27241
10.04914
9.837498
9.894396
9.395258
9.353876
8.975863
8.736639
8.746552
8.512932
8.146552
7.965518
7.745259
7.533619
7.386204
7.180603
7.073707
6.999139
6.786638
6.547843
6.343534
6.336207
6.150862
5.997845
5.841377
5.697846
5.538794
5.340948
5.272411
5.089654
4.935777
4.794829
4.676295
4.60388
4.473275
4.37069
4.221121
4.10043
4.022414
3.892241
3.758191
3.709483
3.614225
3.493534
3.371121
3.29957
3.228019
3.122845
2.999138
3.018534
2.950431
2.844397
2.787498
2.685776
2.65
2.576294
2.510776
2.440948
2.272844
2.197846
2.139224
2.127155
2.05431
2.010345
2.072413
2.138363
1.836638
1.791379
1.715087
1.734914
1.637931
1.64181
1.578449
1.510345
1.432327
1.371552
1.593535
1.506896
1.279741
1.245259
1.386638
1.470259
1.086207
1.1125
1.050862
1.041811
1.1
1.152586
1.137931
0.9702585
1.096983
1.024569
0.9004308
0.9887932
0.8896549
0.9547412
0.8827584
0.8215517
0.8211207
0.7629309
0.9939656
0.8461204
0.6784484
0.8077587
0.6616377
0.6775862
0.599138
0.7452586
0.5508621
0.6396552
0.5284481
0.5767243
0.5943964
0.5495689
0.5366379
0.488793
0.5159482
0.5586207
0.4905173
0.4612068
0.4547413
0.5681034
0.5952583
0.67931
0.4551723
0.653448
0.5534483
0.3931034
0.3456896
0.3068964
0.3185345
0.3465518
0.3193965
0.3077586
0.301724
0.2456897
0.2590517
0.2866379
0.2474138
0.273707
0.2047414
0.0599138
0.02456896
0.0004310346
-0.002155173
0
0
0
0
0
0
0
0
0
0
0
0
0
0
0
0
0
0
0
0
0
0
0
0
0
0
0
0
0
0
0
0
0
0
0
0
0
0
0
0
0
0
0
0
0
0
