0
0
0
0
0
0
0
0
0
0
0
0
0
0
0
0
0
0
0
0
0
0
0
0
0
0
0
0
0
0
0
0
0
0
0
0
0
0
0
0
0
0
0
0
0
0
0
0
0
0
0
0
0
0
0
0
0
0
0
0
0
0
0
0
0
0
0
0
0
0
0
0
0
0
0
0
0
0
0
0
0
0
0
0
0
0
0
0
0
0
0
0
0
0
0
0
0
0
0
0
0
0
0
0
0
0
0
0
0
0
0
0
0
0
0
0
0
0
0
0
0
0
0
0
0
0
0
0
0
0
0
0
0
0
0
0
0
0
0
-0.0008438819
-0.0008438819
-0.0008438819
-0.0008438819
-0.0008438819
-0.0008438819
0.001687764
-0.0008438819
-0.0008438819
-0.002109704
0.002531645
-0.01729958
-0.0092827
-0.01687764
0.0113924
0.02109703
0.02658227
-0.005063299
0.0514768
-0.01856541
0.02405063
0.001265827
0.06286921
0.008016874
0.0734177
0.006329112
0.07383967
0.02742616
0.03966248
0.04472574
0.06075953
0.005063294
0.04556963
0.02025318
0.0607595
0.04472575
0.08691982
0.04008438
0.07552745
0.01223628
0.08776374
0.07088611
0.08902954
0.05316458
0.08649789
0.04177216
0.06582278
0.05443039
0.08945145
0.02911393
0.2012658
0.1628692
0.1805906
0.1118143
0.3586497
0.3299578
0.3413503
0.2886075
0.2476793
0.4603378
1.57595
3.512236
6.003376
7.267511
8.143883
8.591562
8.98903
9.038817
9.123209
8.944304
8.964136
8.930801
8.894938
8.702532
8.289875
8.374263
8.216456
7.741351
7.662869
7.676369
7.342193
7.143038
7.036285
6.840086
6.729957
6.49156
6.55021
6.340506
6.261181
5.978483
5.968776
5.70633
5.697891
5.497468
5.381855
5.236286
5.134176
4.937975
4.906752
4.603374
4.567511
4.380168
4.411815
4.246414
4.16751
4.025738
3.946413
3.832067
3.762868
3.620254
3.586919
3.462024
3.456118
3.225317
3.248944
3.099579
3.022363
2.937975
2.865823
2.749368
2.722364
2.58481
2.584388
2.486498
2.429959
2.313923
2.288186
2.211814
2.070042
1.982701
1.992405
1.862026
1.859916
1.779325
1.991983
1.822363
1.710548
1.562869
1.563713
1.509283
1.451476
1.403798
1.378903
1.521097
1.515189
1.178059
1.41097
1.336287
1.322785
1.031224
1.356118
1.270464
0.9679328
0.9025318
0.9303799
0.8696206
1.18692
1.115612
1.032067
1.080169
0.8611814
1.047258
0.9907173
0.9911393
0.8911391
0.8097046
0.808439
0.6894516
0.7489452
0.7510549
0.9582279
0.8797467
0.8704641
0.7375528
0.6379747
0.5324895
0.6417723
0.5734177
0.6451477
0.5949366
0.6713082
0.57173
0.6050633
0.5886076
0.620253
0.5324895
0.5337553
0.4983122
0.557806
0.4746836
0.6987343
0.5232068
0.3481013
0.2953587
0.687342
0.6164554
0.6362868
0.6151897
0.6270043
0.3405063
0.2848101
0.2590717
0.3012658
0.2451478
0.2974682
0.2341772
0.299156
0.2438819
0.2827003
0.2350211
0.2164557
0.1206751
0.0257384
0.007594937
0.005907173
0
0
0
0
0
0
0
0
0
0
0
0
0
0
0
0
0
0
0
0
0
0
0
0
0
0
0
0
0
0
0
0
0
0
0
0
0
0
0
0
0
0
0
0
0
0
