0
0
0
0
0
0
0
0
0
0
0
0
0
0
0
0
0
0
0
0
0
0
0
0
-0.0003690037
-0.0003690037
-0.0003690037
-0.002952029
-0.0003690037
-0.0003690037
-0.002952029
-0.0003690037
-0.0003690037
-0.0003690037
0.0007380074
-0.002952029
-0.0003690037
-0.0003690037
-0.0003690037
-0.0003690037
0.0007380074
-0.002952029
-0.0003690037
0.0007380074
0.001845018
-0.0003690037
0.001845018
0.0007380074
0.0007380074
0.0007380074
0.0007380074
0.0007380074
0.0007380074
0.0007380074
-0.0003690037
0.0007380074
0.0007380074
0.001845018
0.0007380074
0.001845018
0.0007380074
0.0007380074
-0.0003690037
-0.0003690037
0.001845018
-0.0003690037
0.0007380074
-0.0003690037
0.0007380074
-0.002952029
0.0007380074
-0.0003690037
-0.0003690037
-0.002952029
0.0597786
0.07453874
0.0701107
0.06789668
0.2136531
0.1870849
0.202214
0.2077491
0.09889299
0.07933579
0.09889299
0.07933579
0.1313653
0.08154982
0.1859779
0.1372694
0.1859779
0.08634686
0.04686347
0.04686347
0.04686347
0.04686347
-0.02472325
0.1453875
0.03431734
-0.02472325
-0.02472325
-0.02472325
0.1627306
0.1627306
0.0007380074
0.0007380074
0.0007380074
0.005166051
0.005166051
0.00405904
0.005166051
0.001845018
0.02841328
-0.0202952
-0.01918819
-0.0202952
0.07822879
0.07822879
0.07933579
0.07601476
0.07822879
0.07601476
0.07933579
0.07601476
0.03062731
0.03062731
0.07933579
0.1254613
0.07933579
0.07601476
0.07933579
0.07933579
0.08154982
0.07601476
0.08154982
0.07933579
0.07933579
0.07601476
0.08154982
0.07933579
0.07933579
0.07933579
0.07933579
0.03062731
0.07933579
0.08154982
0.08339483
0.08118081
0.08634686
0.08487085
0.08597787
0.1180811
0.04206644
0.1084871
0.03357933
0.08228779
0.04575645
0.09926198
0.1926199
0.06420663
0.05424355
0.06974167
0.03247233
0.1169742
0.06346864
0.101845
0.02361625
0.06789666
0.008118087
0.05535056
0.1937269
0.2394834
0.01107011
0.2785977
0.2822881
0.309594
0.1867159
0.2453875
0.2066421
0.2501845
0.006642064
0.3546125
0.01512916
0.3084871
0.2671588
0.05350553
0.02472324
0.05092251
-0.02029522
0.06125461
-0.01254613
0.0180812
0.009963099
0.06457566
0.07343175
0.3254612
0.06937271
0.08450186
0.2202953
1.173063
2.689668
4.871217
5.597784
6.674907
6.733211
7.059778
7.088562
7.102952
6.993356
6.980811
6.887084
6.785977
6.651293
6.504796
6.408118
6.207012
6.010702
5.925463
5.790776
5.895205
5.404058
5.310332
5.117342
5.270851
4.84834
4.807011
4.584133
4.421032
4.181181
4.073061
3.857198
3.798525
3.583026
3.581919
3.454243
3.429152
3.243543
3.248339
3.129889
3.101475
2.95203
2.909595
2.783395
2.798894
2.645757
2.638745
2.546494
2.490774
2.363837
2.401844
2.280074
2.263469
2.130257
2.169003
2.039852
2.050184
1.935424
1.932103
1.85572
1.864576
1.763099
1.755719
1.669003
1.669741
1.580443
1.604058
1.521771
1.526937
1.42214
1.454612
1.380443
1.387822
1.343542
1.34059
1.262731
1.285239
1.187454
1.195941
1.11476
1.180442
1.095572
1.097416
1.009225
1.069003
0.9523987
0.9896677
0.920664
0.9630992
0.8623614
0.9125459
0.8464943
0.8767523
0.7922508
0.8442801
0.7590404
0.8011066
0.7191881
0.733579
0.7003688
0.7099631
0.6313652
0.7073801
0.615867
0.6756458
0.5815498
0.6132841
0.5431735
0.5723243
0.5195572
0.5738004
0.5332102
0.5357934
0.4745387
0.5217713
0.4630997
0.5092252
0.4535053
0.4793358
0.4143912
0.4656827
0.3833949
0.4073802
0.3767527
0.4011071
0.3512915
0.3867159
0.318819
0.3815498
0.3136532
0.3243543
0.2815497
0.3704796
0.2442805
0.3095942
0.2435424
0.297048
0.2118081
0.2671587
0.2232473
0.2546126
0.2081181
0.2638377
0.2073801
0.2261993
0.1937269
0.2782288
0.1719558
0.2457565
0.1881919
0.1885609
0.06715867
0.02767528
-0.007749078
-0.00405904
0
0
0
0
0
0
0
0
0
0
0
0
0
0
0
0
0
0
0
0
0
0
0
0
0
0
0
0
0
0
0
0
0
0
0
0
0
0
0
0
0
0
0
0
0
0
