0
0
8.261536E-05
4.327472E-05
-0.0001258901
1.573626E-05
2.753847E-05
5.114285E-05
0.000358
0.0002281758
0.0006884615
0.001085802
0.0008654942
0.001160549
0.001333648
0.001502813
0.00149101
0.001738857
0.001321846
0.002163736
0.001640505
0.001675911
0.001963098
0.001018923
0.001648374
0.0003461979
0.0008772963
0.0003186592
-0.0009717141
0.0008261534
-0.001459538
-0.0001612967
-0.0006097802
-0.001967033
0.0003973407
-0.001553956
-0.000853692
0.001140879
-0.001380857
0.0008733622
0.001313977
-0.0001180219
0.002305362
0.001384791
0.0008340222
0.00273024
5.507687E-05
0.0005586371
0.001860812
-0.002041779
-0.0003147249
-0.001487077
-0.004583186
-0.002655495
-0.003969471
-0.006156811
-0.004240924
-0.008080572
-0.008713955
-0.005680791
-0.01300995
-0.008871314
-0.008147451
-0.01384791
-0.006565951
-0.01136158
-0.01210905
-0.006381053
-0.01407608
-0.01033479
-0.01066525
-0.01536646
-0.01139305
-0.01365514
-0.01619262
-0.01375349
-0.01590149
-0.01548055
-0.01212872
-0.01305323
-0.009909908
-0.007219006
-0.008438567
-0.004524176
-0.00396554
-0.004083561
-0.0003619334
-0.0008025495
-0.00163657
-0.001518549
-0.004819229
-0.007860259
-0.008060898
-0.01445375
-0.01655848
-0.01599196
-0.02353359
-0.02313229
-0.02347062
-0.02754633
-0.0254298
-0.0216885
-0.02284513
-0.01982768
-0.005609972
-0.01627131
3.934446E-06
0.00265943
-0.01183761
0.01983949
-0.006168618
0.006538413
0.02139739
-0.01644832
0.01494552
-0.007321287
-0.02844328
0.007344905
-0.03512337
-0.01785672
-0.009461423
-0.03145679
-0.008595928
-0.004988391
-0.01055511
0.01552382
0.02464692
0.02386404
0.05366069
0.04972656
0.05044647
0.05687479
0.03282974
0.02128329
-0.002742048
-0.03545778
-0.0714544
-0.1016719
-0.1334356
-0.1954403
-0.1722252
-0.2862525
-0.3668942
-0.2602165
-0.3798087
-0.3329552
-0.1598489
-0.3478053
-0.1331525
-0.02051204
-0.2541012
0.2342162
-0.01281693
0.05082012
0.4351472
-0.09122328
0.3223796
0.1485311
-0.1583814
0.2109267
-0.3534123
-0.2506652
-0.2776177
-0.6430866
-0.4398223
-0.7197008
-0.8079851
-0.7434143
-0.9426692
-0.8205267
-0.7592717
-0.7049274
-0.407758
-0.331535
-0.101396
0.1238405
0.09221426
0.4984252
0.4492775
0.5583569
0.8380556
0.5044681
0.8393765
0.7890351
0.6559398
1.249761
1.168619
1.541404
2.187006
2.162754
2.919094
3.59718
3.723584
5.016774
5.553355
6.206144
7.930924
8.184737
9.71904
11.12843
11.3702
13.64255
14.10855
14.92297
16.5654
16.56661
17.8565
18.60717
18.73417
19.92399
20.03461
20.28035
21.00546
20.88546
21.22348
21.54911
21.14329
21.32733
20.76438
19.68531
18.93258
17.3277
16.80561
17.14274
16.95866
16.90403
16.24933
15.56598
14.79442
13.5741
12.72595
11.81626
10.95559
10.36927
9.06732
7.507469
5.983563
4.396582
3.447372
1.964739
0.4157747
-0.6016181
-2.176631
-2.917564
-4.070813
-5.185121
-5.279596
-5.62843
-5.468165
-5.291064
-5.295695
-5.096465
-5.1085
-5.135884
-5.115734
-5.281685
-5.396773
-5.547874
-5.788551
-5.96747
-6.13297
-6.297424
-6.332535
-6.354209
-6.365936
-6.284328
-6.23152
-6.107431
-5.946887
-5.792931
-5.599468
-5.430141
-5.274776
-5.16731
-5.08949
-5.067527
-5.109666
-5.162733
-5.282957
-5.437555
-5.571937
-5.766334
-5.944619
-6.060397
-6.274516
-6.349766
-6.420002
-6.538687
-6.427628
-6.467458
-6.384048
-6.208114
-6.215008
-5.987634
-5.879929
-5.778615
-5.465729
-5.327456
-4.945013
-4.460797
-4.031691
-3.364793
-2.764808
-2.209132
-1.530326
-0.7921206
-0.1410598
0.691064
1.383256
2.075505
2.779049
3.382287
4.009547
4.628399
5.371003
5.930116
6.665808
7.318306
7.720416
8.427182
8.755479
9.170455
9.745559
9.940096
10.3391
10.74671
10.77907
11.14768
11.39535
11.24366
11.72129
11.63157
11.5241
11.98952
11.46934
11.72827
11.7866
11.25669
11.08147
9.79673
6.00485
1.90812
0.5295445
0.1217474
0.08746998
0.06357842
0.05490774
0.04101657
0.02768402
0.0255242
0.01861207
0.006333843
0.007746173
0.002997758
0.0004012747
0.0009520436
-0.0008497582
-0.000177033
-0.0004130769
-0.0009245051
-0.0006058461
-0.000900901
-0.001282505
-0.0008615604
-0.0005507692
-0.0008379559
-0.0001967033
-0.0002281758
-0.0001888351
-2.753845E-05
-6.687911E-05
-3.147253E-05
-6.294504E-05
-4.327471E-05
-0.0001062197
1.967033E-05
-0.0001534285
-1.967033E-05
0.0001022857
-0.0002321098
0.0001376923
-0.0001770329
-0.0001455604
8.654944E-05
-0.000361934
-0.0001652307
-5.114285E-05
-0.0003186593
4.327471E-05
-0.0001691648
-2.753845E-05
-6.294504E-05
-9.441756E-05
-3.147252E-05
-3.934066E-06
-0.0001022857
-0.0001652307
3.934065E-05
1.573626E-05
-1.18022E-05
