0
0
0
0
0
0
5.772228E-06
2.886114E-05
-2.116484E-05
4.810191E-05
-9.620374E-06
0.0001616224
7.119081E-05
0.0002154965
7.503897E-05
0.000253978
4.810189E-05
0.0003347891
5.579819E-05
0.0002924596
-4.232968E-05
0.0005060319
-5.387411E-05
0.0004367653
-0.0002828391
0.0003867392
-0.0002347372
0.0003117004
-0.0003905874
0.0004867912
-0.0002154964
0.0005752986
-0.0004406134
0.0005637541
-0.0002539781
0.0005329691
-0.0004290689
0.0007292249
-0.000205876
0.0007580863
-0.0006022358
0.0004925632
-0.0003771191
0.0004848669
-0.0006349451
0.0002712949
-0.0009062396
0.0003328654
-0.001039001
6.157043E-05
-0.0009466452
0.000203952
-0.001427664
0.0002963074
-0.001179459
0.000100052
-0.00152964
0.0005906911
-0.001300675
0.0005733745
-0.001471918
0.0005098804
-0.001194851
0.0005252725
-0.001496931
0.0002539781
-0.001714352
-6.34945E-05
-0.002637909
-0.0006349451
-0.002447425
-0.001115964
-0.00361149
-0.001575819
-0.00329017
-0.001314144
-0.003828915
-0.001242953
-0.003051585
-0.0001885597
-0.002797608
0.0003732707
-0.001337233
0.001271814
-0.000879303
0.002428184
0.0007080596
0.002560945
-0.00014623
0.002574414
-0.0002001041
0.00145845
-0.001849036
0.0004848671
-0.002626364
-0.000996671
-0.004683202
-0.002143421
-0.004962194
-0.002751428
-0.006105094
-0.002097244
-0.004356108
-0.00169896
-0.004163703
0.0006984395
-0.001648934
0.002243474
-0.0007311481
0.003959746
0.001023608
0.004769785
0.0008696824
0.004488871
4.040541E-05
0.002924595
-0.002726416
0.001052469
-0.004007849
-0.00165278
-0.006859337
-0.003855845
-0.00801955
-0.00488138
-0.009449129
-0.004958345
-0.008246594
-0.003934739
-0.007201817
-0.001654703
-0.004846752
0.000275143
-0.004109832
0.001881747
-0.005347
0.001300677
-0.03178575
0.0001366061
-0.07108908
0.004500392
-0.1183283
0.00926047
-0.1152516
0.007657657
-0.1428029
0.002774474
-0.1208369
0.001235231
-0.151628
0.003986633
-0.1253895
0.008864028
-0.1486015
0.005739384
-0.1164615
0.009219975
-0.1397622
0.009897251
-0.1147794
0.0113309
-0.1462714
0.01231036
-0.119193
0.002508987
-0.1510304
0.001108267
-0.1361228
-0.00628414
-0.1603965
-0.00975139
-0.1365634
-0.01382631
-0.1591644
-0.007682998
-0.1369302
0.006595579
-0.146222
0.02095742
-0.08784986
0.06986955
-0.0461379
0.1534468
0.09473282
0.3025494
0.2300352
0.5216774
0.491471
0.7559404
0.7361385
1.022962
1.023438
1.292293
1.293847
1.5978
1.647982
1.974579
2.001592
2.347967
2.422502
2.754275
2.586291
3.33023
3.379775
3.649525
3.722256
4.078247
4.15867
4.500548
4.563352
4.924635
4.957591
5.254181
5.196602
5.415539
5.283907
5.395391
5.174235
5.253793
5.006338
4.983047
4.697621
4.729629
4.450692
4.439374
4.154056
4.218439
3.981934
4.007704
3.754009
3.789031
3.561228
3.568473
3.293407
3.288586
2.985298
2.918558
2.54859
2.456805
2.068666
1.932823
1.521533
1.425238
1.043211
0.9231024
0.5688799
0.5200927
0.2192686
0.1604398
-0.1630209
-0.1583992
-0.4322982
-0.4342711
-0.7208577
-0.6964617
-0.9204453
-0.9104573
-1.145084
-1.096545
-1.311458
-1.289102
-1.522662
-1.462415
-1.666033
-1.645833
-1.870175
-1.804977
-2.013855
-1.987173
-2.219674
-2.162716
-2.370077
-2.341464
-2.568707
-2.502177
-2.705536
-2.670342
-2.880321
-2.795324
-2.963651
-2.898523
-3.062041
-2.930116
-3.048059
-2.915872
-3.029645
-2.847219
-2.908409
-2.748695
-2.813915
-2.614155
-2.654073
-2.469686
-2.54068
-2.302692
-2.346491
-2.145845
-2.208291
-1.969404
-1.997512
-1.796381
-1.837066
-1.601502
-1.598879
-1.393924
-1.406894
-1.159664
-1.149416
-0.9133826
-0.9283234
-0.6459454
-0.6429239
-0.3875954
-0.4136426
-0.1424908
-0.1476616
0.08373871
0.03438941
0.2884566
0.2523761
0.4659277
0.3920587
0.6211545
0.568488
0.7609272
0.6753393
0.8870876
0.8206357
0.9926685
0.8962482
1.08525
0.9995635
1.150535
1.026848
1.195564
1.067062
1.13269
0.855916
0.72292
0.3644614
0.1951323
0.03962054
0.01626609
-0.00603197
0.002420486
0.0008716059
0.003919345
0.003282472
0.003474883
0.002553249
0.002299271
0.001473843
6.926675E-05
9.620381E-06
3.848152E-06
5.772228E-06
0
0
0
0
0
0
0
0
0
0
0
0
0
0
0
0
0
0
0
0
0
0
0
0
0
0
0
0
0
0
0
0
0
0
0
0
0
0
0
0
0
0
0
0
0
