0
0
1.343544E-05
4.926329E-05
-0.0001164405
0.0001477899
-0.0001970532
-1.791392E-05
0.0003269291
8.956947E-06
0.0001433114
0.0003269291
-0.0001567468
0.0003537999
0.0001522683
0.0003269292
6.269872E-05
0.0005642886
-0.0002507949
0.0007120785
-2.239247E-05
0.0004568051
0.0009315241
-3.134934E-05
0.0007479061
0.0002776658
5.374179E-05
0.0007210354
-0.0003045367
0.001388329
0.0002731874
0.001012137
0.001155448
0.000743428
0.001164405
0.0006717724
0.0007658204
0.0007389493
0.000510547
0.0005508533
0.001070357
0.0004344127
0.0005060683
0.0005508533
-0.001603296
0.0008733039
-0.001760043
-0.001262932
-0.000120919
-0.002342246
-0.0002731874
-0.002091451
-0.002154149
-0.001016615
-0.001836178
-0.001724215
-0.00309911
-0.002037709
-0.005360743
-0.002060103
-0.005571234
-0.004559094
-0.00200188
-0.007595503
-0.003027455
-0.00596086
-0.007282009
-0.003681312
-0.01122755
-0.007120785
-0.009180885
-0.01074835
-0.008365802
-0.01133952
-0.01006315
-0.009355552
-0.009257023
-0.007752249
-0.006135518
-0.005696633
-0.006708768
-2.239208E-05
-0.005835461
0.00141072
-0.001016614
-4.926288E-05
0.002579605
-0.0001164396
0.0002552733
0.0005463752
-0.00177796
-0.002713961
-0.004460568
-0.004738236
-0.008670337
-0.005566753
-0.01411616
-0.008822607
-0.01351605
-0.01215907
-0.01201576
-0.009283888
-0.007174528
-0.01080658
0.003824625
-0.01090061
0.001437593
0.009601861
-0.01761385
0.02781137
-0.01086032
0.003188679
0.02354338
-0.02555866
0.01936948
-0.005696635
-0.02037705
0.01771692
-0.03792379
0.008459841
-0.01641804
-0.02482422
-0.008115036
-0.01722868
-0.02426429
-0.006005666
-0.01281736
-0.01206944
-0.01500264
0.003963392
-0.02404475
0.007935844
-0.03021602
0.004254568
-0.04850201
0.02031002
-0.08648533
0.006699764
-0.05919745
-0.05259565
-0.05045944
-0.06595561
-0.08365902
-0.06662309
-0.08457267
-0.1049538
-0.04298938
-0.07196566
-0.107265
0.07263589
-0.1821529
0.08153937
-0.07786849
-0.1243408
0.0851532
-0.2031145
0.02139389
-0.0208251
-0.169143
0.05416273
-0.2471498
-0.1076042
-0.2098862
-0.2507063
-0.2014934
-0.2518129
-0.2439454
-0.2560049
-0.2932029
-0.2986351
-0.2959178
-0.279558
-0.2778419
-0.1926698
-0.2100551
-0.07037561
-0.1484525
0.07576666
0.0147029
0.1362125
0.3123822
0.2377064
0.541565
0.5811641
0.6918411
1.025223
1.029956
1.358984
1.511992
1.735053
1.899712
2.317644
2.422552
2.936544
3.349421
3.524399
4.241186
4.203633
4.625746
5.20508
4.920002
6.385315
6.590898
7.09249
7.832807
7.758952
8.071342
8.037695
8.065235
8.426183
8.522268
8.846313
8.966827
9.042914
8.947515
9.181721
9.007009
9.10693
9.211511
9.012352
9.126692
8.969569
8.848144
8.826749
8.589231
8.611413
8.255118
8.099854
7.710109
7.434226
7.113625
6.750165
6.423408
6.105569
5.672882
5.278306
4.87083
4.299822
3.88782
3.470374
2.87401
2.737823
2.020416
1.87072
1.444447
0.8247333
0.7140747
0.02057817
-0.3105668
-0.6222682
-1.281569
-1.42368
-2.022992
-2.292554
-2.641382
-3.037035
-3.378844
-3.722506
-4.087063
-4.438592
-4.748971
-5.016576
-5.240234
-5.38357
-5.596002
-5.671687
-5.862611
-5.938538
-6.043319
-6.067903
-6.125558
-6.132149
-6.145225
-6.162903
-6.18315
-6.185726
-6.230694
-6.231537
-6.245918
-6.285783
-6.284937
-6.280072
-6.366716
-6.221384
-6.342625
-6.229859
-6.132847
-6.224141
-5.946517
-5.992209
-5.891471
-5.605216
-5.698225
-5.275774
-5.212219
-4.963282
-4.668049
-4.52824
-4.193194
-3.993593
-3.680304
-3.414741
-3.110542
-2.790255
-2.59375
-2.14825
-2.024783
-1.601759
-1.360805
-1.042217
-0.7115259
-0.4516889
-0.1371447
0.1240456
0.4501619
0.6904366
0.9819207
1.288555
1.366901
1.618736
1.526419
1.69952
1.789487
1.908198
2.000587
1.976039
1.905821
1.644697
1.466627
1.250733
0.9317667
0.7096112
0.3837697
0.180559
0.06314207
0.03049395
0.0232478
0.01932017
0.02081598
0.01639125
0.01760043
0.01817368
0.01523579
0.0175646
0.01566573
0.01570156
0.01459986
0.0134444
0.01085584
0.01078866
0.009292849
-0.0002373595
0.0001030051
-0.0001343544
-0.0001567469
0.0001477899
-0.0003985848
-0.0001388329
-0.0004791974
-0.0001612254
-0.0003090152
-0.0001880962
-8.956963E-05
-4.926329E-05
-0.000120919
-8.956961E-05
1.343545E-05
-0.0002597519
4.478481E-05
8.956969E-06
-0.0002104886
-4.47848E-05
-2.687088E-05
-6.717721E-05
-8.956957E-06
-3.582785E-05
-8.061266E-05
6.717721E-05
8.956961E-06
-7.613418E-05
8.956962E-06
8.956962E-06
-3.134937E-05
-1.791392E-05
-7.16557E-05
-4.478481E-05
-5.822025E-05
-1.791392E-05
-4.030633E-05
8.956963E-06
-2.687089E-05
-4.926329E-05
1.791392E-05
-8.956962E-06
4.478481E-06
6.269873E-05
-8.956962E-06
3.134937E-05
1.791392E-05
3.134937E-05
