0
0
0
0
0
0
0
0
0.001016949
0.001016949
0.003050847
0.001016949
0.003050847
0
0.001016949
0.004067797
0
0.001016949
0.003050847
0.003050847
0.001016949
-0.001016949
0
0.001016949
0.001016949
0.001016949
0.001016949
0.001016949
0.001016949
0.001016949
0.003050847
0.001016949
-0.001016949
0.001016949
0.001016949
0.001016949
0
0.001016949
0.003050847
0
0
0.003050847
0
0.001016949
0.005423728
0.001242938
0.002033898
0.005649718
0.001016949
0.003276836
0.00361582
-0.001694915
0.001920904
-0.001129944
-0.00542373
-0.001129943
0.003954802
-0.0001129942
-0.01129943
0.003954802
0.002146892
0.003502825
0.01875706
0.003728814
0.008248588
0.01468926
-0.0005649717
0.008926554
0.007909604
0.003728814
0.004519775
0.005875706
0.01016949
0.01525424
0.007570622
0.001468927
0.01875706
0.00542373
0.003841807
0.01288135
0.008926555
0.001129944
0.01525424
0.004180791
0.005197741
0.0179661
0.00519774
0.0119774
0.009943502
-0.003502825
0.009943504
0.01231639
0.003954802
0.0009039555
0.01220339
0.02011299
0.005536724
-0.01457627
0.01073446
0.004293785
0.004406779
0.03107345
-0.005988701
-0.0120904
0.01491525
0.01050847
0.004858757
0.01898305
0.02621469
0.03672316
0.01129944
0.003163842
0.03220339
0.0219209
0.01231638
0.01954802
-0.003163842
0.0259887
0.03322034
0.01141243
0.02271186
0.0299435
0.005875707
0.02892655
0.02836158
0.007796613
0.02508475
0.01344633
0.0258757
0.02079096
-0.004293785
0.03502825
0.03175141
-0.002824859
0.02576271
0.01389831
-0.01050847
0.03322034
0.04711864
0.003502825
-0.007909598
0.0280226
-0.01548022
0.04112994
0.01875706
-0.01694916
0.07932203
0.01514124
0.00124294
0.039887
-0.004971754
0.03706215
0.08474568
-0.05039547
0.02677969
0.1410169
0.06112995
0.03717517
-0.004519763
0.03480226
0.06384177
0.03367227
-0.01559322
0.02655368
0.09977388
0.003728807
-0.03627117
-0.0007909533
-0.0294915
0.09355927
0.02361585
0.006440672
0.1021469
0.04214686
0.01242939
0.08960443
-0.007118633
0.008700572
0.0738983
0.04418075
-0.03435026
-0.003954805
0.02836158
0.07005649
0.02079096
-0.03016951
0.0579661
0.0871186
0.03446328
0.008813558
0.1120904
0.04101695
0.05751411
0.1633898
-0.09491536
0.04903954
0.2449718
0.3190961
1.750058
3.098984
5.05356
8.317066
8.93819
9.789041
11.25909
11.29513
12.08068
12.27718
11.62938
12.247
12.09198
11.52814
11.6217
11.30858
10.99604
10.90237
10.41502
10.13277
10.06011
9.678646
9.490735
9.241577
8.9365
8.758073
8.631075
8.309491
8.032877
8.230615
7.66927
7.28825
7.312426
6.995141
6.843392
6.719888
6.345419
6.242036
6.071755
5.789267
5.731643
5.591299
5.241928
5.225654
5.085989
4.822598
4.714915
4.56339
4.420676
4.356157
4.098985
3.926782
4.008134
3.799211
3.531188
3.660227
3.331074
3.275932
3.38249
3.058532
3.014237
2.951413
2.847456
2.776835
2.578304
2.571752
2.52757
2.457175
2.310284
2.219776
2.206215
2.158758
2.045989
1.986666
1.942372
1.875482
1.857738
1.818419
1.678758
1.656271
1.628926
1.588135
1.55774
1.450394
1.48452
1.46938
1.290621
1.360339
1.316497
1.243503
1.254689
1.187233
1.053899
1.160678
1.096159
1.018306
0.9949155
0.9894924
0.9928814
0.9968367
0.9359326
0.7907346
0.8981929
0.880226
0.8153672
0.8189828
0.6786441
0.7777404
0.8000004
0.6738984
0.7364976
0.6698304
0.6639547
0.697966
0.5676839
0.5383055
0.6237288
0.623842
0.5133334
0.5094912
0.5276834
0.5642939
0.4983051
0.4710737
0.4072315
0.469604
0.4612425
0.4454243
0.4429377
0.4014687
0.3926554
0.416271
0.3976271
0.3403391
0.3655366
0.4133331
0.3788702
0.3091522
0.2740113
0.3407911
0.3616948
0.2902825
0.2650847
0.3159321
0.2809038
0.3352543
0.3124293
0.1850846
0.2855369
0.357966
0.1950282
0.1045197
0.06677969
0.0059887
0.008248588
0
0
0
0
0
0
0
0
0
0
0
0
0
0
0
0
0
0
0
0
0
0
0
0
0
0
0
0
0
0
0
0
0
0
0
0
0
0
0
0
0
0
0
0
0
0
0
