0
0
0
0
0
0
0
0
-0.0007528231
-0.0007528231
-0.0007528231
0.0003764116
-0.0007528231
-0.001003764
0.001882058
0.002634881
-0.003262233
0.001882058
0.0007528231
0.001882058
-0.001003764
0.0007528231
-0.001003764
-0.004391468
-0.001003764
-0.0006273526
-0.001003764
0.0001254705
-0.0006273526
0.001882058
0.0007528231
-0.0006273526
-0.004015056
-0.001003764
-0.001003764
-0.001505646
-0.004391468
0.0001254705
-0.001003764
-0.003262233
-0.003262233
0.0007528231
-0.001003764
-0.003262233
-0.003262233
-0.001003764
-0.004767879
-0.004767879
-0.003262233
-0.003262233
-0.005520703
-0.00225847
-0.005520702
-0.004015056
-0.004140527
-0.003764116
-0.002132999
-0.000752823
-0.003387704
-0.002885822
-0.002760352
-0.006649937
-0.009410289
-0.006022584
-0.01229611
-0.009410289
-0.01129235
-0.01154329
-0.005897114
-0.01116688
-0.01267252
-0.009410288
-0.009661228
-0.01718946
-0.0183187
-0.009284818
-0.01568381
-0.01091594
-0.0097867
-0.004140528
-0.005269762
-0.007528231
-0.01894605
-0.008908407
-0.006148055
-0.007528231
-0.0183187
-0.008908407
-0.0119197
-0.0119197
-0.01944793
-0.01342534
-0.004516938
-0.006649937
-0.01882058
-0.01179423
-0.005771643
-0.004391469
-0.01706399
-0.006775407
-0.0131744
-0.008281055
-0.02195734
0.0002509415
0.003513174
-0.007151819
-0.02296111
-0.003011293
-0.006398997
-0.008657465
-0.01292346
-0.009535758
-0.0007528229
-0.003889587
-0.01041405
-0.001882058
-0.01053952
-0.009033876
-0.009912171
-0.01468005
-0.005771643
0.001380176
-0.01380176
-0.007653702
-0.005269761
0.001380176
-0.00514429
-0.008782936
-0.01154329
0.003513174
-0.01028858
-0.0007528239
0.00263488
-0.0002509412
-0.003262234
0.003513174
-0.001505647
0.0001254712
-0.0204517
0.001129234
-0.006273524
-0.004893351
0.002383939
-0.004893351
-0.01693852
0.005018821
-0.01555834
-0.0003764114
-0.008281053
-0.04140526
-0.04115434
-0.03462986
-0.06148055
0.03362608
-0.01643663
-0.023463
-0.02509414
0.03626096
-0.07314935
-0.03513176
-0.06097864
0.03513176
-0.02095356
-0.02459221
-0.01342536
0.05420327
-0.05006276
-0.08306146
-0.06486825
-0.0005018825
-0.005520702
-0.04127983
-0.05345042
-0.01555834
-0.05470513
-0.06110417
-0.06875782
-0.04968631
-0.05558348
-0.07603507
-0.1230866
-0.06260981
-0.02572145
-0.01907151
-0.09912167
-0.04843162
-0.07678799
-0.03851948
-0.09309911
-0.02220829
-0.05370138
-0.08067758
-0.09836888
-0.01204517
-0.04780426
-0.04893358
-0.02622334
0.3242158
1.399623
3.298995
5.558215
8.038393
9.775403
11.23374
12.16047
12.76763
13.10841
13.34141
13.33576
13.32271
13.09047
12.93827
12.64152
12.3887
12.04567
11.76813
11.43914
11.16487
10.81467
10.52672
10.14743
9.899749
9.561852
9.300754
9.022701
8.897612
8.588206
8.361609
8.034129
7.837012
7.503764
7.335384
7.044795
6.81368
6.599625
6.433379
6.19072
6.03651
5.81857
5.653574
5.462107
5.355458
5.179166
5.014553
4.790332
4.723835
4.504264
4.396737
4.251693
4.167002
3.974906
3.868381
3.710791
3.671518
3.481555
3.433502
3.305523
3.214933
3.041281
2.978422
2.863866
2.854203
2.662861
2.615684
2.525345
2.454079
2.36073
2.307025
2.220577
2.194101
2.039773
2.04705
1.958594
1.951317
1.839398
1.790464
1.730114
1.681431
1.630741
1.565119
1.550943
1.522586
1.405898
1.429737
1.324468
1.313301
1.228608
1.202385
1.118444
1.184694
1.042033
1.055082
1.003513
1.059473
0.9621077
0.9252196
0.8595981
0.9168129
0.825219
0.8008778
0.7749057
0.8189464
0.7279797
0.7562104
0.7021329
0.6974906
0.6688835
0.6572145
0.6095361
0.664367
0.5844418
0.5648683
0.5284818
0.5908409
0.5421581
0.5687581
0.5250941
0.5271017
0.4956087
0.4744042
0.4465499
0.5129236
0.4346299
0.4590965
0.4028859
0.4535759
0.4097869
0.4184443
0.3524467
0.4196987
0.4001258
0.3294858
0.3460478
0.3804266
0.3046426
0.3510666
0.3314931
0.3760353
0.3076537
0.3070264
0.29197
0.3476789
0.2821833
0.2696362
0.2406523
0.3069012
0.261355
0.2755333
0.1867001
0.1639899
0.03161858
0.001380176
0
0
0
0
0
0
0
0
0
0
0
0
0
0
0
0
0
0
0
0
0
0
0
0
0
0
0
0
0
0
0
0
0
0
0
0
0
0
0
0
0
0
0
0
0
0
0
0
