0
0
0
0
0
0
0
0
0
0.0007623889
-0.0003811944
-0.0003811944
-0.0001270648
-0.0008894536
-0.002414231
0.000635324
0.001016518
-0.0008894536
-0.0001270648
-0.0008894536
0.000635324
-0.0008894536
0.001016518
-0.0001270648
-0.0008894536
0.0002541296
0.001778907
0.001016518
-0.0008894536
0.0002541296
-0.0008894536
-0.0008894536
-0.0001270648
-0.0008894536
0.002160102
-0.0008894536
-0.0001270648
0.0002541296
0.001016518
-0.0001270648
-0.0001270648
-0.0001270648
-0.0001270648
-0.00317662
-0.0001270648
0.0002541296
-0.0001270648
0.003684879
0.001016518
0.0002541296
-0.001651842
0.001397713
0.0006353241
0.0006353241
0.001016518
0.002541296
0.001397713
-0.0005082592
0.000635324
0.001397713
0.003303685
-0.001651842
-0.001143583
0.001905972
0.002287167
0.0003811949
0.001524778
-9.467065E-11
0.003049555
0.0003811944
-0.0003811945
-0.0003811944
-0.0003811944
0.001905972
0.0007623889
-0.001524778
0.0007623889
-0.0007623889
-0.0003811945
-0.001524778
0.001524778
0.003811945
0.001524778
0.003049555
0.001143583
0.0003811944
0.004574333
-0.0008894537
0.002922491
0.002160102
-0.001778907
-0.00343075
0.0007623888
-0.004320203
0.004447268
-0.002160102
0.001270648
0.001651842
-0.001778907
0.001270648
0.004320203
-0.003684879
0.004701398
-0.001397713
-0.001016518
0.001651842
0.002033037
0.0005082596
0.003557815
0.005082592
0.005082592
0.0005082594
0.009275731
0.003939008
0.003557815
0.005082592
0.006988564
0.00660737
0.002795426
0.005082593
0.005463787
0.009529862
0.001651842
0.002414231
0.006226175
0.005463786
0.001651842
0.005082592
0.00317662
0.009275732
0.005463786
0.003557815
0.006226175
0.0008894536
0.001270648
0.002033037
0.006988565
0.01003812
0.007369759
0.003557815
-0.001143583
0.005082592
0.007369758
0.005463786
0.01613723
0.01041931
0.007750952
0.006607368
0.008513341
0.0007623927
-0.0209657
-0.03240155
-0.03875479
-0.01270648
-0.004574335
-0.01842443
-0.0205845
-0.01664551
-0.03278277
-0.006353232
-0.03684884
-0.01804324
-0.04332914
-0.01791614
-0.005972041
0.01702668
-0.01385008
0.02083862
-0.03519696
-0.01435834
-0.01867853
-0.03049557
-0.03138504
0.001016518
-0.03354516
-0.02401526
-0.01232529
-0.01512074
-0.04510799
-0.01817027
-0.00101652
-0.01867855
-0.007496836
-0.02249048
-0.0188056
0.02249044
-0.01956799
-0.0203304
0.001905962
-0.01829735
-0.02325288
-0.008894527
0.002795441
-0.004701399
0.003430752
0.0001270711
0.009275738
0.38183
1.510292
3.379162
5.599999
8.073307
9.883353
11.20724
12.18641
12.81892
13.16187
13.26937
13.34218
13.20839
13.12617
12.88196
12.62071
12.33367
12.07013
11.78831
11.51448
11.23125
10.86632
10.52172
10.27522
9.975986
9.650826
9.425801
9.323763
9.108893
8.899359
8.638366
8.420325
8.197075
7.926675
7.700507
7.428965
7.22058
7.006861
6.753614
6.555655
6.360097
6.130621
5.939136
5.76734
5.600886
5.435703
5.239261
5.110672
4.89746
4.740279
4.609145
4.458193
4.317024
4.200887
4.07751
3.90966
3.806226
3.642438
3.580433
3.428973
3.365186
3.209657
3.123382
3.056036
2.918043
2.814357
2.729352
2.647396
2.589578
2.488563
2.390978
2.302668
2.25146
2.132272
2.099365
2.040533
2.040787
1.933926
1.843456
1.852731
1.772808
1.754131
1.673825
1.635451
1.57662
1.544473
1.474587
1.418551
1.435069
1.362134
1.363151
1.304828
1.274459
1.185007
1.168233
1.143964
1.074714
1.076874
1.028589
0.9897077
0.9665816
0.949428
0.8937733
0.8499367
0.8329093
0.8000001
0.7949176
0.7579418
0.7444731
0.7086406
0.6989839
0.658704
0.6654388
0.6401531
0.6092765
0.5941552
0.6204578
0.5227451
0.5471417
0.569505
0.5069892
0.4813217
0.4639142
0.4257946
0.4223637
0.4010171
0.4045745
0.3930116
0.417154
0.3733168
0.3570522
0.3726813
0.3423128
0.3207119
0.3682341
0.3275733
0.3090217
0.3007625
0.2836087
0.2655655
0.2831007
0.2834816
0.2942822
0.2695045
0.276366
0.2257942
0.2639136
0.2673445
0.2144854
0.2251588
0.1801779
0.1711563
0.1242694
0.02198221
-0.005209657
0
0
0
0
0
0
0
0
0
0
0
0
0
0
0
0
0
0
0
0
0
0
0
0
0
0
0
0
0
0
0
0
0
0
0
0
0
0
0
0
0
0
0
0
0
0
0
0
