0
0
0
0
0
0
0
0
0
0
0
0
0
0
0
0
0
0
0
0
0
0
0
0
0
0
0
0
0
0
0
0
0
0
0
0
0
0
0
0
0
0
0
0
0
0
0
0
0
0
0
0
0
0
0
0
0
0
0
0
0
0
0
0
0
0
0
0
0
0
0
0
0
0
0
0
0
0
0
0
0
0
0
0
0
0
0
0
0
0
0
0
0
0
0
0
0
0
0
0
0
0
0
0
0
0
0
0
0
0
0
0
0
0
0
0
0
0
0
0
0
0
0
0
0
0
0
0
0
0
0
0
0
0
0
0
0
0
0
0
0
0
0
0
0.001086957
0.001086957
0.001086957
0.001086957
-0.005978261
0.01032609
-0.03478261
0.0521739
-0.008695654
-0.01793478
0.003260868
-0.002717398
0.0005434776
-0.02826087
-0.001086959
0.001630433
-0.0581522
-0.05760873
0.001086962
-0.03152173
-0.025
-0.03315217
-0.002173911
-0.005978268
-0.05706523
-0.01467392
-0.05923915
-0.04565217
-0.04782608
-0.04239131
0.01358694
-0.00869565
-0.02554348
0.02608695
0.01576087
0.04673911
0.00489131
0.03478261
0.02717393
0.08206522
0.06358695
0.04565218
0.02228262
0.06304348
0.07989129
0.01847828
0.03206522
0.06304347
0.0347826
0.04456521
0.06358695
0.05760868
0.05652172
0.075
0.2548914
1.557065
3.837501
6.509784
8.1375
9.192935
9.837499
10.13043
10.21902
10.27011
10.21576
10.0788
9.935328
9.763589
9.579349
9.439672
9.161955
8.960324
8.765216
8.582609
8.338042
8.115761
7.910325
7.756522
7.475545
7.330435
7.09511
7.088587
6.933697
6.797824
6.546196
6.382608
6.214673
6.043479
5.807609
5.666305
5.509782
5.358152
5.233153
5.083152
4.950542
4.830978
4.677715
4.574998
4.442391
4.296196
4.189674
4.094022
3.976086
3.870108
3.745109
3.667392
3.559239
3.470108
3.424457
3.274457
3.211956
3.15163
3.042391
2.965761
2.907609
2.846196
2.7625
2.655978
2.605978
2.518479
2.446197
2.392391
2.340761
2.268479
2.160326
2.15163
2.082065
2.054892
1.995652
1.931522
1.890217
1.823913
1.7875
1.758152
1.648913
1.577718
1.583696
1.565761
1.519565
1.456522
1.449456
1.376087
1.334239
1.342391
1.273369
1.277717
1.229891
1.242935
1.174456
1.144565
1.109783
1.083152
1.053261
1.024456
1.001087
0.9760865
0.95
0.940217
0.8739132
0.8956524
0.8445653
0.803261
0.8244564
0.8027174
0.7494566
0.7288043
0.7032608
0.7282609
0.6869566
0.6782608
0.6375
0.6755434
0.5755435
0.6163043
0.584239
0.5451086
0.5347825
0.5505434
0.5266303
0.5076086
0.4907607
0.4831522
0.4461955
0.4608696
0.4358695
0.4733695
0.447826
0.4396738
0.4081522
0.3918478
0.4005435
0.3309783
0.3461956
0.3885868
0.3624999
0.3369565
0.3451087
0.3070652
0.3141304
0.3255434
0.2701088
0.3217392
0.2896739
0.3043478
0.2788043
0.2668478
0.173913
0.01793478
-0.002173913
0.0005434783
0.002173913
0
0
0
0
0
0
0
0
0
0
0
0
0
0
0
0
0
0
0
0
0
0
0
0
0
0
0
0
0
0
0
0
0
0
0
0
0
0
0
0
0
0
0
0
0
