0
0
0
0
0
0
0
0
0
0
0
0
0
0
0
0
0
0
0
0
0
0
0
0
0
0
0
0
0
0
0
0
0
0
0
0
0
0
0
0
0
0
0
0
0
0
0
0
0
0
0
0
0
0
0
0
0
0
0
0
0
0
0
0
0
0
0
0
0
0
0
0
0
0
0
0
0
0
0
0
0
0
0
0
0
0
0
0
0
0
0
0
0
0
0
0
0
0
0
0
0
0
0
0
0
0
0
0
0
0
0
0
0
0
0
0
0
0
0
0
0
0
0
0
0
0
0
0
0
0
0
0
0
0
0
0
0
0
0
0
0
0
0
0
0
0
0
0
0.003225806
-0.004608296
-0.0764977
0.0004608288
-0.07050691
0.02672811
-0.05944701
0.04608294
-0.01797234
0.003686633
-0.04884795
0.05483871
-0.03041476
0.01474654
-0.03686634
0.02304148
-0.0156682
-0.007834102
-0.0483871
0.01290323
-0.05714284
0.05115207
-0.06267279
0.008294929
-0.02488479
0.05529953
-0.07373272
-0.02718894
-0.03225807
0.05391705
-0.05207374
0.01751152
-0.01751153
0.01935483
-0.0004608271
0.03917051
-0.01198157
0.06036866
-0.04700461
0.01520737
-0.02488479
0.03548386
-0.06267282
0.03410139
-0.03364055
0.04239632
-0.04147465
-0.01658987
-0.02995392
0.09124424
0.2225807
1.16636
2.574194
4.424887
5.357143
6.077879
6.389402
6.702767
6.659448
6.744241
6.638708
6.588482
6.448849
6.402766
6.207838
6.150692
5.935025
5.893089
5.68341
5.615207
5.446084
5.32673
5.102307
5.061292
4.822121
4.781567
4.564058
4.556682
4.291705
4.217512
3.959446
3.843778
3.648387
3.598157
3.446082
3.450692
3.240553
3.248388
3.077879
3.095392
2.931337
2.965898
2.784332
2.779723
2.649309
2.656683
2.492627
2.53318
2.348848
2.370047
2.270507
2.217512
2.141935
2.17742
2.06129
2.087558
1.974654
1.978802
1.859447
1.907373
1.785253
1.776038
1.680645
1.707373
1.619815
1.654838
1.537788
1.596774
1.476497
1.492627
1.376958
1.39447
1.282489
1.317051
1.242858
1.261751
1.192166
1.18295
1.097696
1.169585
1.051613
1.112903
0.978802
1.047005
0.9391703
0.9903225
0.9087558
0.9834102
0.8294932
0.871429
0.8516129
0.8870964
0.8055298
0.8041473
0.7359446
0.8129034
0.6967741
0.7451613
0.6880183
0.7129032
0.5861751
0.6557601
0.573733
0.6631337
0.5649772
0.5552995
0.5290323
0.5382488
0.4368663
0.5341014
0.4741935
0.526728
0.4419356
0.5096774
0.4230415
0.5142857
0.4230413
0.4635944
0.4110599
0.4506913
0.3534562
0.4225807
0.4055301
0.4299539
0.324424
0.3935483
0.3336406
0.3972349
0.31659
0.3820276
0.3331798
0.3875576
0.3235023
0.3506912
0.2806452
0.3225808
0.262212
0.2944701
0.2755761
0.3069126
0.2548388
0.3202766
0.2221199
0.2718894
0.1926268
0.2658986
0.1930875
0.3064516
0.1797236
0.2677419
0.2184333
0.2115208
0.1571429
0.04331797
0.003225807
0.003686636
0.000921659
0.002304147
0.002304147
0
0
0
0
0
0
0
0
0
0
0
0
0
0
0
0
0
0
0
0
0
0
0
0
0
0
0
0
0
0
0
0
0
0
0
0
0
0
0
0
0
0
0
