0
0
0
0
0
0
0
0
0
0
0
0
0
0
0
0
0
0
0
0
0
0
0
0
0
0
0
0
0
0
0
0
0
0
0
0
0
0
0
0
0
0
0
0
0
0
0
0
0
0
0
0
-0.0004155125
-0.0004155125
-0.0004155125
-0.0004155125
-0.0004155125
-0.0006925208
-0.0004155125
-0.0006925208
-0.0004155125
-0.0004155125
-0.0004155125
-0.0006925208
-0.0004155125
-0.0006925208
-0.0004155125
-0.0004155125
-0.0004155125
-0.0006925208
-0.0004155125
-0.0006925208
-0.0004155125
-0.0006925208
-0.0004155125
-0.0006925208
-0.0006925208
-0.0006925208
0
-0.0006925208
-0.0004155125
-0.0006925208
-0.0004155125
-0.0004155125
-0.0004155125
-0.0004155125
-0.0006925208
-0.0004155125
-0.0004155125
-0.0004155125
0
0.0002077562
0
-0.0004155125
0.0002077562
0
0.0002077562
0.0002077562
0
-0.0004155125
0
0
0.01391967
0.0134349
0.01391967
0.01391967
0.04238227
0.04189751
0.04189751
0.04189751
0.02319945
0.02430748
0.02333795
0.02465374
-0.004847645
-0.00533241
-0.005124654
-0.00533241
-0.002493075
-0.00533241
0.008171746
-0.00533241
0.02666205
0.007756233
0.008379501
0.02666205
0.008171746
0.00734072
0.0299169
-0.00533241
0.03033241
-0.00533241
0.0003462604
0.0001385042
-0.0002770083
0.0007617729
0.0009695291
0.0003462604
-0.004432133
0.0004847645
0.01419668
0.01378116
0.0166205
0.01385042
0.01253463
0.01322715
0.01648199
0.01288089
0.01398892
0.01959834
0.05006925
0.07202214
0.06274235
0.07714683
0.05879498
0.0212604
0.0183518
0.05062326
0.04072023
0.04536012
0.04563713
0.05547088
0.03185596
0.04861496
0.02603876
0.0621883
0.02998614
0.05180057
0.06447365
0.09813018
0.04736845
0.07770082
0.03919667
0.04695291
0.02880887
0.05249307
0.01959833
0.06114959
0.02756231
0.04632961
0.01052632
0.02216067
0.01475069
0.02389197
0.01918283
0.04293629
0.02216065
0.04833794
0.01225761
0.05228534
0.0477147
0.05727151
0.08919674
0.1325485
0.1182826
0.123892
0.07527702
0.1627423
0.3348339
1.350415
3.227285
5.555468
6.796879
7.632823
8.067102
8.448277
8.450208
8.604912
8.558447
8.46531
8.323276
8.247093
8.150691
7.98816
7.809424
7.697021
7.495423
7.372504
7.167101
6.977489
6.866415
6.690645
6.525341
6.349722
6.233932
6.148406
6.020222
5.913783
5.719733
5.556856
5.397436
5.246676
5.110041
4.985176
4.838294
4.707753
4.63483
4.463226
4.320982
4.284902
4.137397
4.014197
3.884902
3.818352
3.686496
3.623061
3.508866
3.452214
3.338924
3.238296
3.118495
3.055888
2.945221
2.899724
2.836425
2.766966
2.647714
2.60554
2.503116
2.457617
2.374029
2.328185
2.229432
2.177492
2.117937
2.115236
2.018906
1.925761
1.870082
1.843004
1.758034
1.740998
1.682617
1.648339
1.565789
1.545568
1.488851
1.439819
1.385873
1.377632
1.344669
1.292729
1.273892
1.272507
1.216136
1.185595
1.16662
1.115305
1.075415
1.135596
1.012811
1.001177
1.00464
1.024237
0.9774231
0.8970221
0.8380189
0.8736146
0.8157892
0.8594875
0.7549856
0.8398898
0.7905816
0.7321333
0.6996536
0.6860805
0.6650978
0.6935593
0.6364268
0.6486152
0.5603189
0.6081029
0.6274242
0.612189
0.5624657
0.5719531
0.5045706
0.5604575
0.5144741
0.4882967
0.4534627
0.4820644
0.4478532
0.4506927
0.4250692
0.4777007
0.4031853
0.4394739
0.4217452
0.4377425
0.4013852
0.4219529
0.3752081
0.3686288
0.3185596
0.3637812
0.3056094
0.3596953
0.2803323
0.2783933
0.2464684
0.2809559
0.2743766
0.3165512
0.213989
0.2851109
0.2790165
0.2297091
0.2103184
0.2061633
0.1000692
0.03573406
-0.002493076
-0.0004847645
0
0
0
0
0
0
0
0
0
0
0
0
0
0
0
0
0
0
0
0
0
0
0
0
0
0
0
0
0
0
0
0
0
0
0
0
0
0
0
0
0
0
0
0
0
0
