0
0
0
0
0
0
0
0
0
0
0
0
0.0002528445
6.321113E-05
6.321113E-05
6.321113E-05
6.321113E-05
-0.0003160556
0.0003160556
0.0001264223
0.0003160556
0.0003160556
-6.321112E-05
0.0003160556
0.0006953224
0.0001264222
0.000505689
-6.321112E-05
-6.321112E-05
-0.0002528445
0.0001264222
0.0003160556
-6.321112E-05
0.0009481669
0.0009481669
0.0006953224
0.0009481669
0.0001264222
0.0011378
0.000505689
0.000505689
0.0001264222
0.0011378
-0.0001896334
-1.412879E-11
0
0.0003792668
0.0005689001
0.0003792667
0.0003792668
0.0007585335
0.0005689001
0.0007585335
0.0007585335
0.0007585335
0.0003792668
0.0007585335
0.0005689001
0.0003792668
0.0001896334
0.0001896334
0
0.0130847
0.0125158
0.01245259
0.01226296
0.03647282
0.03666245
0.04898862
0.04639697
0.03072061
0.02560051
0.05613148
0.04184576
0.07914033
0.05733249
0.04955752
0.03305942
0.05790139
0.05012643
0.0465866
0.03527181
0.04816687
0.01049305
0.02737042
0.03173199
0.03337547
0.0465866
0.003982301
-0.008154235
-0.008723135
0.05290771
-0.004551201
0.007711757
0.04064475
0.008533501
0.04045512
0.03135272
0.03508217
0.002022756
-0.002402023
0.01093552
0.02680152
0.02857143
0.02661188
0.03773704
0.02914033
0.03811631
0.02541087
0.04165613
0.05120101
0.005562578
0.04854615
0.04241467
0.06087231
0.04279393
0.05214918
0.03647282
0.04797725
0.01289507
0.01466498
0.04576485
0.05429835
0.01864728
0.02642225
0.02699115
0.02756005
0.02762326
0.02718078
0.02661188
0.03596713
0.02300885
0.02243995
0.02243995
0.04045512
0.03925411
0.06561315
0.06523388
0.04045512
0.03957016
0.03185841
0.05802781
0.01852086
0.02041719
0.01953224
0.01978508
0.0312263
0.02237674
0.008786346
0.008343868
0.00278129
0.0426675
0.01308472
0.0606827
0.05126421
0.08059419
0.04791401
0.05366624
0.01264223
0.1146018
0.07161818
0.05530969
0.05353979
0.1307838
0.05145382
0.08451322
0.07983563
0.1185209
0.02724399
0.09664974
0.05353983
0.05012643
0.02067004
0.06257901
0.01378003
0.04968393
0.02711759
0.05847029
0.03742101
0.06820483
-0.008154232
0.0420986
0.02161822
0.04886217
0.008912765
0.1363465
0.01251581
0.04664977
0.03166878
0.0639065
0.04829328
0.09367891
0.03761058
0.109608
0.07161815
0.07642221
0.07749673
0.117383
0.266182
1.273894
2.840329
4.919596
5.86011
6.728818
7.029389
7.26991
7.312519
7.317131
7.255119
7.20783
7.109926
6.962572
6.836153
6.711639
6.504486
6.42288
6.224964
6.091843
5.901765
5.786597
5.589696
5.49614
5.300059
5.195381
5.001197
4.93666
4.736912
4.595447
4.317069
4.201643
4.021808
3.941339
3.777939
3.735905
3.602972
3.526295
3.388938
3.376107
3.250697
3.202468
3.137169
3.043805
2.906068
2.858279
2.752782
2.73426
2.631986
2.605563
2.485778
2.464285
2.370417
2.350696
2.251833
2.232554
2.145386
2.145197
2.065234
2.060622
1.96334
1.924843
1.837171
1.840899
1.75506
1.736915
1.665552
1.649558
1.582934
1.569596
1.490204
1.500316
1.428321
1.416879
1.340266
1.378888
1.298547
1.292477
1.211631
1.240583
1.161189
1.171619
1.10057
1.131037
1.046713
1.066246
1.032174
1.019658
0.9877377
0.9692804
0.9355251
0.9203547
0.901517
0.8945644
0.8564476
0.8778763
0.7810366
0.8030341
0.7415934
0.7641591
0.706574
0.7425411
0.6635905
0.7208597
0.6524655
0.6625788
0.5990518
0.6302149
0.5668145
0.5887481
0.5987357
0.5754105
0.5250315
0.5735145
0.4891911
0.5319217
0.4842604
0.4997468
0.4579012
0.4682048
0.4339446
0.464159
0.403603
0.4243363
0.3951964
0.4135903
0.3573961
0.3908343
0.3435526
0.3706699
0.3236411
0.3602403
0.3147913
0.3565739
0.2979774
0.3285713
0.2879267
0.3044246
0.2560683
0.3093551
0.2592921
0.2855878
0.2271807
0.2694057
0.2249053
0.2656129
0.215297
0.2502527
0.2056259
0.2319217
0.1924147
0.2075223
0.1066371
0.02718079
0.005372946
0.001769911
-0.0003792668
0.0007585335
0.0006953224
0
0
0
0
0
0
0
0
0
0
0
0
0
0
0
0
0
0
0
0
0
0
0
0
0
0
0
0
0
0
0
0
0
0
0
0
0
0
0
0
0
0
0
