0
0
0
0
0
0
0
0
0
0
0
0
0
0
0
0
0
0
0
0
0
0
0
0
0
0
0
0
0
0
0
0
0
0
0
0
0
0
0
0
0
0
0
0
0
0
0
0
0
0
0
0
0
0
0
0
0
0
0
0
0
0
0
0
0
0
0
0
0
0
0
0
0
0
0
0
0
0
0
0
0
0
0
0
0
0
0
0
0
0
0
0
0
0
0
0
0
0
0
0
0
0
0
0
0
0
0
0
-0.0002896452
0.0001448226
0.0001448226
-0.0002896452
0.0001448226
0.0001448226
-0.0002896452
-0.0002896452
0.0001448226
0.0001448226
0.0001448226
0.0001448226
0.0001448226
0.0003620565
0.0001448226
0.0001448226
-0.0002896452
0.0001448226
-0.0002896452
0.0001448226
-0.0002896452
-0.0002896452
0.0001448226
0.0001448226
0.0001448226
0.0001448226
-0.0002896452
0.0001448226
-0.0002896452
0.0005068791
0.000724113
0.0006517017
0.000724113
0.0004344678
0.0002172339
-7.241128E-05
0.0005068791
0.0002172339
0.000724113
-0.0004344677
-0.0002172339
-0.002968864
-0.009775518
-0.00296886
0.00550326
0.01875453
0.009051409
0.0019551
0.01419262
0.005720494
-0.0003620437
-0.005286025
-0.004344671
0.004344683
0.005865323
0.003330918
-0.01455468
0.004489501
-0.002027517
0.01397539
-0.007168734
0.003548154
-0.01259957
-0.008906608
-0.007892835
-0.003982628
-0.01832007
0.005648079
-0.02295439
0.006589431
-0.01317888
0.0032585
-0.01028241
-0.002027501
-0.02758872
-0.01926139
-0.002679232
-0.01723391
0.01542362
0.01484431
0.0204924
0.04127446
0.04460537
0.080811
0.06039101
0.1267922
0.1262129
0.07748008
0.08834175
0.1120203
0.3047067
1.61651
4.011443
6.811369
8.528749
9.570822
10.1903
10.52637
10.6601
10.63265
10.53461
10.36372
10.24004
10.07683
9.843662
9.612812
9.338522
9.184288
8.934032
8.729108
8.494427
8.271323
8.043593
7.857215
7.655903
7.483349
7.267703
7.222309
7.161842
6.960896
6.744895
6.584291
6.400367
6.230268
6.064595
5.905797
5.743231
5.597463
5.447567
5.396744
5.254161
5.043516
4.915424
4.742145
4.637867
4.512888
4.407748
4.272119
4.177116
4.068935
3.958943
3.858803
3.752064
3.67292
3.559308
3.473861
3.372917
3.353366
3.250253
3.114337
3.069007
2.971759
2.885589
2.814262
2.750906
2.672772
2.608833
2.523169
2.496667
2.370744
2.300144
2.248805
2.191672
2.140985
2.087907
2.051196
1.995872
1.903619
1.87053
1.808327
1.768066
1.708545
1.672848
1.694063
1.558362
1.577916
1.531281
1.444315
1.436349
1.397321
1.374366
1.343447
1.376249
1.299638
1.227806
1.250977
1.152064
1.253511
1.099203
1.155829
1.151339
1.099783
0.9601017
0.9868218
0.9832015
0.937438
0.9329469
0.9071689
0.9109349
0.9060829
0.9176692
0.9318616
0.8805944
0.7595219
0.8138313
0.814049
0.8048522
0.7671977
0.7824048
0.7527874
0.7262125
0.6970308
0.6697314
0.6695873
0.6666185
0.616582
0.6272989
0.5611153
0.5791456
0.58168
0.5711081
0.5546705
0.4914554
0.4912376
0.5219404
0.4845038
0.5120196
0.4645182
0.4223023
0.4446053
0.4354088
0.4230987
0.3535842
0.3404052
0.3871829
0.3464878
0.3366403
0.333092
0.2934107
0.3133234
0.2898623
0.2659665
0.1482984
0.0398986
0.007965243
-0.001520637
-0.0007965243
0
0
0
0
0
0
0
0
0
0
0
0
0
0
0
0
0
0
0
0
0
0
0
0
0
0
0
0
0
0
0
0
0
0
0
0
0
0
0
0
0
0
0
0
0
