-9999 43.47368
-9999 9.512268
-9999 -0.8529358
-11.39706 -6.897064
-1.612305 5.794281
-9999 -2.752686
-19.8772 -11.6391
-9999 6.307693
-9999 -0.4985504
-5.898178 0.02526855
-9999 -17.26315
-9999 10.33333
-9999 -4.114822
-10.3707 -5.347977
-9999 11.7193
-1.477188 -6.888336
-10.02667 2.639999
-9999 2.881577
6.24324 6.72728
-14.25 -6.449997
-9999 1.913879
-15.77779 0.6666565
-9999 -6.059525
-9999 -7.687057
-9999 -9.314285
-2.475525 -21.09091
-3.450974 -4.425339
-9999 -1.191574
-9999 0.2742767
-9999 -2.721802
-1.18219 -0.4102478
-9999 11.33333
-9999 3.909088
-8.060608 -15.06061
-21.66667 -7
-5.399994 0.3500061
-4 -9.163635
-9999 0.7296753
-9999 -4.901962
-9999 2.479996
-9999 25.33333
-9999 4.107819
-9999 -5.745453
-9999 5.371429
1.604355 3.961716
-11.65334 1.346664
-9999 1.555557
-9999 -5.850006
-9999 2
-3.083328 -9999
-9999 -3.743591
0.7410431 -9999
-9999 -13.65405
-9999 -4.312714
-7.628708 -9999
-1.333344 -9999
1.803955 1.427795
4.307693 6.711029
-9999 -8.894226
6.908539 -7.194443
-16.62411 -9999
-2.333344 -4
-2.162689 -3.944061
-9999 -10.04524
-9999 -17.43491
-9999 -7.300705
-14.56035 -4.233429
-2.153854 -9999
-9999 -2.35228
-9999 -13.21008
-9999 0.5142822
-24.2381 -9.571426
-9999 -3.75
1.315262 1.252411
-9999 1.818176
1 1.5
-9999 -4.256409
-9999 0.5174713
-9999 -3.324997
-9999 -2.444443
-0.3409119 -0.1388855
-28.74176 -9.049454
-14 2
-12.43161 -7.777771
-4.526321 -20.52632
-10.91811 -14.55913
-9999 3.438599
-16.27451 -4.032089
1.418182 -7.399994
-2.393158 3.767685
-15.46667 -4.789749
-9999 -10.53333
-9999 -27.02325
-9999 -3.956039
-9999 2.800003
-9999 -14.5
-0.173645 -0.3602448
-9999 -7.551514
-0.5966339 -6.198151
-9999 -4.898468
-8.631577 -2.466156
-9999 -3
-9999 -4.223679
-10.09091 -2.425461
1.312836 -1.422211
-22.74838 -9999
-9999 -2.048782
-9999 -1.260406
-1.962051 -4.216019
-6.142853 -9999
-9.846161 -4.615387
-9999 -1.276321
-23.8485 -23.6104
2.23999 -11.04001
0.6015167 -21.14285
-8.052628 -1.481201
-2.5 -1
3.570908 -9999
-9999 -13.63461
-9999 -4.906677
8.14035 -8
-1.676773 -9999
-1.771027 0.7557526
0.7581787 -23.11111
-1.916672 -14.58333
-3.449463 -5.516129
-7.035889 -9999
8.430771 -9999
8.515152 -0.2051392
14.8 -9999
-9.764328 -18.32433
3.466675 0
-0.75 -0.9146271
-0.3214264 -9999
-4.593948 2.392715
-17.7117 -1.378372
43.75999 38.64516
15.37663 12.19048
-5.846161 -0.9318695
-4.440002 3.155746
-9.36586 -14.36586
-7.125992 -1.393936
7.146667 8.459778
3.80098 3.382858
-4.166672 -6.5
2.628189 -1.038116
1.157135 5.0271
-4.818176 3.621826
14.8 -2.399994
-10.71428 -0.8195496
-1.788849 -4.071686
-4.916672 -4.096161
-15.13333 -15
21.06667 14
-2.53714 -3.488724
2.242416 -4.380951
-4.952377 -1.122803
7.981903 -5.846146
-1.333344 -13.4359
-5.453339 -6.14386
-3.066666 6.065033
-1.706299 -0.1678314
5.706665 -9999
-9.777771 1.23555
-12.94951 -14.06061
6.846161 -9999
-5.25 -9999
3.199554 -27.93031
-2.552719 -9999
5.600006 0
-9999 -6.583328
-9999 -1.263733
-14.84 1.321289
-9999 -0.4444427
-9999 -7.955551
-9999 -3.694443
-9999 -3.713684
-9999 -6.514297
1.107697 -2.272949
-9999 5
4.97142 -8.933334
-9999 3.76152
-5.018173 -18.81818
1.903152 5.482101
12.6842 -1
-9999 1.715515
-1.06839 4.56926
-9999 -2.562408
-9999 -11.54668
-4.166672 -7.166672
-9999 0.6666718
-9999 5.742859
13.79211 10.88889
5.149994 9.066666
-9999 -1.22522
-1.675964 1.733154
-3.469284 -7.378372
-9999 -6.400009
-0.5333405 1.046158
1.366669 -12.16667
-9999 -7.885056
-9 -6.444443
-9999 -15.04761
-9999 0.07499695
-9999 10.93333
-10.69804 -8.174957
9.386673 3.666672
-9999 -8.870804
-0.7792206 -12.47618
-9999 -0.6142731
-0.760376 -7.857147
-9999 -1.942856
1.493332 3.076187
-9999 -7.619049
-9999 -12.38095
-9999 -1.714279
-9999 -0.58815
-2 -11.88889
-9999 2.445343
-9999 -3.578949
0.5333405 0.7719421
-9999 -2.689316
-22.56566 -8.377625
10.75555 -29.98291
-0.6999969 -4.699997
7.393951 11.11111
-9999 -1.640228
10.2883 5.809525
5.650803 4.095245
7.845261 2.159088
-9999 -6.222214
-9999 -4.380005
-9999 -17.21986
-14 0.4499969
-32.55556 -38
-9999 1.25
-9999 -0.6666718
-9999 5.666672
-13.93549 -8.602158
-9999 26.22223
-9999 -22.05128
-9.461533 -1.947372
-9999 -2.444443
-9999 -1.515152
-11.52432 -4.004318
-0.1818085 -0.8038177
-9999 -0.5394745
-62.7133 -9999
2.740265 -9999
-9999 -4.397202
-9999 5.051285
2.526871 5.780136
-9999 -23.13132
-21.50549 -10.42857
-25.78787 6.6026
-0.8095245 -6.476181
-5.300003 -9999
-0.0166626 -1.599991
-30.12633 -1.954895
-2.882584 -3.789474
5.194809 2.285721
-20.05263 -29.7193
1.625366 -2.898499
15.45882 12.8878
-9999 -25.69696
-9999 0.1600037
-2.133331 1.25
-5.333328 -9999
-7.822235 -14.52309
-1.627319 1.652679
-2.613632 -4.506485
-9999 -17.86665
-9999 -5.585083
-9999 -26.50526
-22.30556 -9999
-13.85001 -9999
-0.6931763 -19.1515
-9999 -10.91599
-9999 -2.697372
-26.13461 -9.416672
-24.2381 -4.238098
-9999 -5.052628
-9999 -10.3158
-9999 -2.947372
-3.386749 -1.233765
1.616531 2.019135
-9.933334 -9999
-24.46223 0.8509064
-9999 -4.75
2.25 2.050003
-9999 -11.81514
-4.277771 -9999
-9.939392 -5.734253
-2.888885 -1.504272
-0.6666718 -18
12.28455 5.190475
-9999 -5.777771
-9999 -12.14035
-9999 5.181824
1.549088 -9999
-18.66667 -9999
-1.422226 -9999
-9999 -2.526321
-1.717163 -2
-5.671051 -0.421051
-9999 -10.45404
-9999 -0.3333282
3.199997 2.666672
-7.428574 -7.428574
3.607147 -9999
-9999 -8.747253
-9999 -4.571426
-9999 -13.54558
-9999 7.148651
-11.02979 -9999
-9999 -2.134613
-13.38095 -9999
-4.494537 -4.121216
-1.569229 -9999
-6.411545 -3.577866
0.5466766 -9999
12.02597 8.781952
3.701797 -1.888504
1.537003 -2.282349
-1.309357 -0.1646271
-3.765854 -4.085861
-8.721573 -9999
2.071426 -2.807693
5.138748 11.14685
-12.95239 -21.48572
5.945053 -9.769226
-0.3627472 -3.583328
28.42857 29
2.337662 -10.42424
-5.732788 -9999
-0.7527008 -5.028564
4.754379 -2.523819
2.982468 -21.46198
-0.987854 1.473679
1.2379 2.512894
-5.3629 -5.067444
-13.85318 -3.576157
9.801285 -9999
-2.909088 -9999
0.9128876 -1.178574
-3.10527 -2.333328
0.5 -6.083328
-3.945953 5.537918
-2.169998 -20.77715
5.419052 -9999
-1.866669 -20.20514
-10.29999 -9999
-4.285721 -3.709091
6.986679 -9999
-4.961533 -17.16667
-8.46048 -9999
-6.121216 -9999
-4.158722 -4.240601
-7.490906 -6.26207
3.064331 -6.577774
19.47272 -9999
-4.818176 -12.42857
3.25 -9999
26.02151 29.03705
19.25714 24.85715
6.833328 14.5461
-6.504837 -3.344833
-9999 -1.777771
1.542847 -3.357147
-9999 0.7466736
-16.08572 -12.67033
-6.254669 -7.404465
-9999 1.363632
-6 -10.53333
-3.110001 -5.975388
10.90475 4.666656
-1.333328 15.2381
4.199417 4.593292
-1.5 5.756104
-5.671112 -9.296844
-9999 0.6666718
-10.08572 -7.075195
-15.03999 4.97702
1.286591 -0.8002472
-9999 -28.35898
-21.67018 -4.736847
14.11966 11.55556
-9999 4.666672
16 9.666672
-9999 -10.05594
-9999 -4.21817
2.219559 -1.609009
-9999 -5.692307
-4.615387 -2.620697
-9999 -11.73425
-9999 -3.142853
-9999 -2.216476
-9999 9.333328
-9999 5.304657
-9999 1.333344
-10.63158 3.836502
-9999 7.374359
-14.22223 4.352936
-9999 -13.70041
-9999 -9.333328
-10.73685 -13.81377
-9999 -1.333328
-1.799026 -12.28519
-9999 -4.980743
-9999 -1.266678
4.159988 -3.26738
-0.8000031 5.929077
-9999 -5.440002
-9999 0.6147766
-9999 11.11111
-9999 4.035721
-9999 -6.293335
-9999 -12.33334
-9999 -0.75
-9999 6
-9999 -3.212311
11.35135 -5
2.266678 9.666672
-16.46315 -4.340073
-26.48485 -8.21817
-9999 -12.8
-9999 -22.19048
-11.21667 -2.416672
-9999 2.933334
-21.64912 -5.263168
-9999 -4.666656
-9999 13.75438
-9999 -7.777771
-1.857147 -5.666672
1.021133 -11.17886
-9999 -7.685547
-0.4884186 -8.257309
4.99324 -9999
-5.461533 -11.69231
-17.55 4.618423
4.229996 -9999
-8.791489 -7.858154
-10.04761 -9999
-2.416672 -9999
1.339279 -2.443619
-3.637924 -26.13792
-9999 -4.296768
-2.103897 -2.169525
-9999 2.855392
-6.333328 -10
-7.659439 -6.264709
-9999 -8.80162
4.050003 4.625
-12.64647 -9999
-5.263733 -8.263733
-9999 -11.35042
-9.299652 -4.201477
-9999 6.090912
-9999 -27.16667
-13.82222 -2.257309
-8.916672 0.3099976
0.6833344 3
2.213333 -9999
-9999 5.600006
-9999 -4.457352
-4.727264 -3.113632
0.9028168 -9999
-18.52632 -3.141708
-9999 -0.1904755
-9999 -0.5263214
-9999 -7.69696
2.857132 -9999
-10.22221 -12.48889
-1.184677 -5.744675
-9999 -4.099701
-18.44231 -1.165985
-9999 -6.160004
-2.275314 0.6267853
-9999 -18.73332
-1.334732 -4.81781
-2.234283 -9999
-9999 -23.47618
-9999 -14.52382
1.50238 3.397125
-2.581818 1.889603
-28.75555 1.115799
-9999 4.639999
11.12001 -3.199997
-9999 -3.975235
-9999 0.9257202
-0.1794891 -9999
-9999 2.186661
-9999 -10.23376
2.699997 10.07805
-30.19193 -3.350647
-1.572235 -0.9163818
-9999 0.7649994
-9999 -3.07692
-12.58586 1.886368
-2.947372 -3.660446
-7.681824 1.923447
-0.7272644 0.3422546
-16.33333 0.4444427
-8.160416 -1.988983
-9999 -1.482758
-9999 -16.2
-16.95908 -26.73685
-8.471359 -10.3688
-9999 -18.93433
-9.086212 -7.586212
-9999 -2.35228
-9999 4.1978
-9999 -2.14769
0.02442932 0.08709717
-1.880005 -9999
5.5 -9999
-3.068176 -5.916672
-7.208328 -8.875
-8.189026 -0.7056885
-3.25 -9999
-1.706665 -3.039993
-4.58667 2.234848
0.09286499 -9999
3.013 -2.914276
13.46236 -9999
-4.814041 -9999
-4.892853 -4.142853
-2.313568 -2.254593
0.007171631 5.134506
-2.481201 -35.85263
-2.055939 -0.581192
6.317947 -3.472534
9.599991 -9999
6.666672 -8.666672
10.99486 4.977768
5.854538 -9999
-3.830704 -5.921204
2.189468 -9999
16.66667 -9999
-9.752396 -4.535721
-0.7336426 -4.847931
0.6533356 0
-11.19513 -9999
13.96078 10.08
-7.156326 -9999
-1.711533 9.316238
4.75 9.636368
-3.636368 -4.545456
-6.636368 -21.40405
0.1600037 2
-11.2998 -4.936172
14.48 -5.07692
6.066666 -1.733322
5.666672 4.666672
-8.159988 -1.023148
-7.183334 -10.91667
-8.964279 -9999
-9999 -1
-9999 13.33334
-9999 -16.06061
-9999 -8.631577
-9999 9.308823
-9999 4.831177
6.190475 9.333328
-6.57692 -6.769226
-9999 1.846161
-9999 -6.627441
8.720001 0.6499939
14.25641 17.33333
-4.111115 2.268188
-9999 2.25
-9999 -1.977142
-9999 -3.679993
-9999 -4.75
-9999 -4.027283
1.821426 -6.134613
8.512833 20.51283
-9999 -20.30769
-9999 -2.52272
-9999 4.153839
-9999 12.41025
-9999 -5.94838
-9999 -11
-9999 11.2439
-9999 3.241379
-11.02223 3.199997
-20.45 -3.678574
-9999 -6.363632
-2.466675 -2.07692
-9999 2.140244
-9999 -5.599991
-5.440002 -4.666672
-9999 5.333328
-6.311111 -8.399994
-9.485718 -2.285721
-0.3333282 2.888885
-0.4242401 7.632187
7.765793 3.259735
1.369751 -5
-15.81287 -2.644608
-1.676773 2.830399
2.732147 -3.125
-7.970581 -8.026138
-9999 1.395752
-0.3461609 4.539993
-6.913467 1.339279
-9999 3.181824
13.84616 4.666672
2.850006 4.800003
-9999 -11.85315
-9999 -5.884613
-9999 -0.3199921
-9999 5.573334
-9999 -4.985291
-9999 -11.51515
-9999 0.8333282
0.7155151 -0.1120758
-1.898651 3.101349
-9999 -6.769226
-9999 1.07692
-9999 -11.04761
-9999 -9.333344
-9999 0.8888855
-9999 17.72043
-9999 4.842102
-9.955887 -1.442734
-12 3.692307
-9999 -7.777771
-0.9333344 -19.60001
-9999 -5.178574
2.363632 -8
-3.5 -5.333328
4.441483 -2.75
-9999 0.8425598
-9.288467 -23.75
-3.083328 5.159088
11.88004 -12.64336
-9999 0.1282349
-9999 0.4444427
-9999 -16.27971
-9999 0.2380981
-9999 -1.874557
-3.513672 -2.804138
-9999 -13.01332
-5.763153 -19.92982
-0.1363678 -9999
-8.526321 -15.32632
-0.8731995 -9999
-9999 -20.45715
-16.58333 -0.5357208
-9999 -0.7272797
-3.333328 -6
-2.622223 1.073685
-7.520004 -9999
-9999 -2.523819
-9999 -3.351715
-11.69231 8.518219
-9999 -14.95667
-9999 8.346329
-9999 4.933334
-9999 -1.112778
-1.484436 -7.98291
-4.181824 -6.848495
-7.752716 -2
-16 -9999
-9999 -13.45454
-9999 -11.31738
4.090912 -9999
-9999 -5.244446
-11.61363 -1.979019
-7.442307 2.392853
-9999 -18.8
-9999 -4.844437
-9999 10.23529
-9999 2.821106
-9999 -1.07692
-9999 -3.368423
-7.238098 -9999
-12.75 -0.5714264
-4.820511 3
-3.448273 -0.8888855
-9999 1.743301
-9999 9.538467
-11.60001 -0.5
-9999 -10.75
-9999 -40.83333
-9999 -12.64516
-5.929993 0.9078979
-7.786667 -9999
-9999 -5.6371
-10.66667 -9999
-9999 -0.236557
-5.333328 -9999
-10.57576 0.0382843
-15.72247 -1.483521
-9999 0.4285736
-35.2254 -9999
-18.18333 -25.53572
-9999 -17.44
-5.476364 0.9600067
-9999 -26.8485
-9999 -4.666672
0.3555603 -9999
-11.33333 3.375
-10.82516 -9999
-8.159988 -7.093323
-5.936844 -1.464127
7.435898 -9999
18.54546 16.8
-0.7157898 -7.368423
2.916672 -9999
-1.088455 -9999
5.181824 2.75
13.28572 16.93333
4.539688 -9999
-6.24762 -2.883514
-9.706665 -9.440002
-0.6153717 -9999
-9.041702 -4.120331
7.561401 1.666672
-1.167618 -4.335693
2.425797 5.279999
-6.836365 -9999
-2.907898 -5.75
1.550812 4.189392
-0.1562042 -38.75269
-3.189651 -0.8496552
-4.5 -9999
0.4423065 -9999
-12 -9999
37.81332 -9999
-5.085709 -21.94286
-0.03007507 -9999
-0.75 0.1666718
3.732056 1.796997
1.794998 -1.136368
-1.905884 -2.199997
3.947372 4.882355
-4.71579 -6.008102
7.425293 3.333344
5.039993 -21.20001
-4.1203 -12.59648
-5.757584 -3.757584
-9.190475 0.4285736
2.666672 -4.190475
-1.210007 -13.85001
-0.1184235 -0.1100006
-3.89473 -1.473679
5.62854 -10.46236
-12.25 -20.28572
0.8352509 -0.5615845
7.199997 -9999
4.666672 13.80952
2.645157 -9999
3.444336 4.450424
-11.05 -37.58333
-11.01923 -1.480774
1.914536 0.9554596
-9999 5.124329
-1.519226 3.453003
-9999 -7.634277
-9999 1.707596
-12.69841 6.015045
-7.733322 12
-9999 5.162918
-6.240005 -7.876373
8.333328 9.017532
-9999 7.25
-9999 8.142868
-9999 0.3142853
-9999 -8.138885
-9999 1
-9999 1.866669
-9999 -10.64999
-9999 -12.80672
8.460617 9.615692
-9999 12.55
-5.282303 1.454544
-9999 -10.5793
-9999 -1.232971
-3.525421 -1.478912
-9999 6.800003
-9999 7.422226
-0.722229 3.263489
-9999 -6.565521
1.178955 -13.08772
-24.21053 6.558701
-9999 -15.72221
-9999 -0.6036835
-9999 13.87097
-9999 4.447372
-6.073166 -7.739838
5.600006 -10.66667
0.2857208 2.857147
-9999 6.805557
-9999 -7.410248
-18.92062 3.699249
-9999 -5.142853
-9999 0.6666718
-9999 5.428574
-21.42546 -6.435562
2.496948 -1.685486
3.199997 5.142853
-9999 13.74359
-9999 -10.66667
-9999 -11.59158
-9999 0.5193024
-9999 -4.776321
5.337234 -18.33548
-9999 -3.449997
-12.86111 -5.083328
-9999 -6.57489
-9999 -6.0923
-9999 3.071426
-9999 3.808105
-0.8333282 -1.179489
-9999 1.234055
-8.27446 -0.3174591
2.661819 -19.1515
-10 -2
-11.66667 11.05263
-9999 -2.533325
2.944748 -6.853149
3.628052 -5.027771
-9999 0.3418884
-9999 -3.464279
-9999 -16.35088
29.46667 21.06667
-3.27272 -1.25
-9999 12
-8.514282 -4.142853
-9.295547 -9999
-9999 -4.235291
-9999 -5.787231
-9999 -6.351501
-9999 -17.21213
-9999 -4
-9999 -11.73685
-9999 1.47728
-9999 0.3714294
-6.872726 -4.600006
-9999 1.539658
-9999 -31.76471
-9999 2.124405
-21.45029 -0.8947296
-9999 -15.69231
-9999 -12.5614
-24.34839 -0.1799622
3.008545 -9999
0.86586 4.670731
0.3636322 -3.692307
-2.110291 2.162735
-9999 -1.475311
-9999 -11.38461
-2.041946 -9999
-5.044189 -2.212784
-61.93938 3.470139
-9999 -18.55319
-0.7714386 -1.952393
-28.0889 -4.866669
-19.3445 -10.1515
-9999 -14.04048
-9999 -4.609802
-8.759995 -6.683075
-3.178955 5.036438
-15.35001 -3.328949
-9999 -2
-16.61818 -9999
-8.323166 -13.51761
-7.943863 1.389481
-5.578949 -10.57895
-10.66667 4
-9999 -0.7142792
-9999 -4.444443
-9999 -13.59065
-1.541824 1.568176
-13.37373 -9999
-0.06546021 -8.545456
-2.04454 -2.04454
-2.111115 -8.142853
-6.984619 -3.858063
-9999 -14.7027
-9.757568 -10.59393
-15.49821 -2.568924
-6.740265 -9999
-20.42278 -0.9285126
-6.461533 -9999
-14.41667 -9999
-1.017151 -8.910004
-9999 4.636597
-9999 -4.332642
-9.134506 -3.343658
5.885727 4.600006
-9999 -2.67308
-3.758591 -1.551514
-13.2 -9999
-9999 -2.720001
-9999 4.200958
-2.256851 1.322098
-9999 -2.800003
-9999 -1.013153
-9999 5.636368
-9.251968 -9999
-0.6000061 -3.733337
-3.669998 3.49176
-5.413376 -12.09869
13.12433 12.67097
-9.89473 3.024384
-7.570526 -6.315796
6.666672 9.546677
1.119995 -9999
-0.7472534 0.3809509
5.467545 4
-1.349701 -2.436874
-3.199997 -7.733322
3.65036 11.45967
8.15239 15.65414
-6.814285 -3.464279
-3.416672 -4
-5.686264 0.932785
-3.392853 -8.142853
12.61765 -27.89999
-12.66037 -1.89566
2.363632 -0.9189148
12 6.095245
-4.976074 -3.907898
-3.625 -0.8557739
0.03077698 -2.533325
-5.8022 4.016815
2.299591 6.043961
-0.4342041 -9999
2.787872 2.666656
2.482758 -0.8888855
-5.280701 -9999
-2.153839 -9999
-7.151505 -5.607651
4.845886 -19.30159
7.479675 -2.666672
2.142853 3.75
-3.416672 1.333328
2.251755 3.282059
0.6842041 -9999
8.381958 13.69231
1.82991 4.31929
-6.188034 2.328888
5.318176 10.3
-6.571426 -9999
-0.8686829 -9999
-3.605728 -6.034286
-3.212311 2.227692
1.904755 -7.428574
3.013947 -2.904755
-8.649124 -9999
0.9853668 -1.266678
2.574936 -9999
-1.396835 -9999
-1.142853 -4.967041
-11.17409 -4.456146
10.22223 6.75
-0.4444427 -5.777771
-9999 0.4812775
-9999 27.97223
-25.66667 4.571426
-9.689606 0.9983368
-9999 -6.789749
-9999 0.6666718
8.685715 -1.705276
-16.83151 -1.225449
13.57143 14.20779
-11.16922 -8.399994
5.208801 2.123077
-5.142853 -0.1087189
-9999 -8.222229
1.238098 8.32901
-9999 -1.977432
0.5714264 -0.1428528
1.640244 -4.204544
-1.066666 4.91954
-9999 12.83078
-9999 -9.58667
-1.25 -1.636368
-9999 -4.936813
-11.46667 -18.74286
-9999 3.024139
-9.904755 4.967041
-17.19048 -0.1152039
-9999 2.978058
-0.8889008 4
-9999 -10.43478
-9999 -2.252884
-3.365082 -13.80952
0.1333313 16.5098
3 0.9230804
-9999 10.36256
-9999 1.784607
-9999 1.065933
-10.71794 0.09925842
-9999 -3.747375
-9999 1.263153
-9999 -3.333328
-9999 -8
-9999 -3.116882
-5.809998 -0.5833282
-9999 -11.46153
-7.106384 -4.197296
-9999 3
6.799988 9.672714
-6.259659 0.4736786
-3.578949 0.2105255
-9999 -0.9523773
-9999 8.375763
-9999 -23.26315
-13.95557 2.448486
-0.8028717 -8.585861
-14.13333 1.599991
-6.844284 -4.786591
10.66667 6.666672
-9999 1.76355
-2.983337 -1.472229
-9999 -1.337067
0.5333252 1.333328
-9999 11.7193
-9999 -7
3.899994 3.277771
-9999 0.2871704
-9999 -0.9090881
-9999 -1.899887
-9999 -3.473679
6.25 19.84616
-3.028061 -4.706085
-3.296692 -18.74286
-10.37399 -8.015015
-1.142853 -0.5714264
-9999 -3.111115
-2.186768 -2.451614
-9999 3.555557
-20.67479 -0.3955078
-9999 6.222229
-9999 16.98247
-12.64127 -8.081268
-9999 -22.83916
-9999 -6.884613
-9.66153 -9999
-0.6399994 -0.3200073
-10.33333 -3.666672
-9999 -1.543854
-3.204681 -5.871353
-9999 -11.72728
-7.263153 -6.493927
0.1085663 -9.986679
7.686859 10.80103
-13.55006 -12.19623
-9999 -0.8195496
-2.613327 -4.569702
-9999 -2.455536
-9999 -13.17647
-9999 -0.1711121
-12.82462 -1.940002
3.200012 -4.399994
-9999 0.7700043
-4.644516 -8.930237
-9999 -4.399994
-9999 5.759995
-9999 4.61142
-9999 3.833328
-1.636368 -9999
-8 -8.800003
-7.196808 0.3777466
-4.561401 -12.69473
-9999 -6.948715
1.039993 -0.1538391
-4.771225 -2.27623
-9.083328 -8
-9999 -0.2666626
-1.25 0.9166718
8.101044 2.232147
-9999 0.6898956
-9999 -5.230774
-14.32001 -9999
4.324677 -13.1515
-11.60527 -3.346161
-4.447372 -4.947372
-9999 -0.2764893
-8.084213 0.3507233
-4.577225 2.048782
-9999 -0.1600037
-7.484848 -9.636353
0 6.596481
-38.18065 -9.580643
-0.1111145 10.33333
-1.5 -20.44444
1.564148 0.1780548
-4.157898 -5.82457
4.228577 -9999
-19.47098 -6.537643
-9999 2.036591
-9999 -2.948578
-8.804199 -9999
-11.2 -19.66667
12.12923 11.7166
-9999 4.169495
-9999 2.952393
5.268295 2.142853
-9.978943 -1.578949
-0.4137878 -0.2666626
-24.53969 -12.7619
-3.249039 6.388397
-1.046204 -1.594589
-0.4981995 -0.4630737
-3.199997 2.605728
8.880005 -4.947372
2.503494 -9999
-0.3000031 3.495651
-1.166672 -0.9743652
0.3333435 4.666672
3.708572 -9999
-3.421051 -49.95952
-2.12767 -2.621704
-0.75 -9999
2.125 -2.596161
-5.164413 -13.58865
-4.038467 -9999
9 17.39838
1.685715 -9.476181
-10.3158 -7.982468
9.757584 -9.333328
-6.666656 -17.51515
8.761902 -8
-3.727554 -9.201233
-2.646622 -1.789474
-1.386673 -17.92
-8.709671 -0.709671
1.57576 2.57576
-1 -9999
6.606049 6.453323
-5.42691 -2.803421
-16.00957 -3.406052
-5.039474 -0.4561462
-1.192688 0.07112122
-4.081818 -9.263626
2.523087 0
-0.03903198 -1.142868
4.162689 -9999
-1.979797 -19.55556
-3.660004 -4.559998
-0.209671 -8.269226
17.28 -4.571426
3 -9999
-4.337769 -8.160004
1.2677 -8.307693
-1.581268 -2.289566
163.2 170.5867
5.279999 -9.333328
2.162155 -10.66667
0.08132935 0.8760529
1.093719 -9.052628
0.4102478 -9999
1.72728 -4.230774
4.117645 4.187164
0.1361542 -0.01008606
-2.626205 -13.58621
2.75 2
-0.3466644 -1
-9999 0.1028595
-9999 -8.391113
-9999 10.97076
-4.405594 -3.636368
-9999 -1.796371
-9999 -11.15384
3.92308 -1.07692
-9999 -8.878784
-9999 -0.1678314
-9999 2.519226
-9999 5.571426
-9999 -4.844437
6.168884 2.031738
-2.424606 -10.05128
-9999 -9.664337
-21 -4.857147
-9999 -1.056824
-9999 -4.363632
-9999 5.066666
3.404709 0.7236786
-0.7240753 -1.284775
-9999 -3.866669
-9999 5.179489
-9999 -2
0.8744965 -13.49474
1.879883 -7.777771
-9999 -2.147369
-13.68571 -3.952393
-4.961533 -10.5
-9999 4.129868
-9999 -5.789474
-14.11189 2.552719
-14.24242 -13.48051
0.1111145 0.6595001
-9999 -9.578949
-15.15428 3.459991
-9999 1.607147
-10.60818 -4.385956
-9999 -19.38461
-9999 3.323807
-9999 16.11369
-9999 6.75
6.521103 -8.923065
-9999 4.821045
0.3076935 7.111115
1.434204 2.683334
15.47427 -3.285721
-9999 -1.142853
4.069244 -16.51613
15.39684 1.264954
-4.18045 0.3809509
-4.030075 -10.15872
3.539169 0.9142914
-4.124435 9.635559
-13.82539 -8.380951
0.8181763 8.406418
-9999 1.326202
-1.157974 -3.446884
-13.86363 -3.187164
5.804047 1.903839
-6.422272 -0.4103699
-9999 1.333344
-9999 1.286545
-9999 3.333328
1.428574 8.857147
-9999 1.818176
-19.2 -8.615387
-9999 0.4444427
3.017532 0.5333252
-9999 2.375
-3.554382 -8.306519
-10.33333 -8.222214
-5.196182 -3.590912
4.924255 0.8421021
-4.316666 -5.776321
-9999 -5.919495
5.666672 -19.55556
-5.617767 2.686325
-12.85469 -7.743591
7.336044 9.076935
-9999 2.464645
-9999 -7.600006
-9999 -10.83405
-0.4000092 -9999
-9999 1.333328
-9999 -0.3636322
-9999 -3.702133
0.8611145 -8.25
-1.736847 2.406006
-0.8000031 -9999
-7.060608 4.821106
-8.304092 2.554764
-5.159882 -2.06897
-6.101013 -9999
-9999 -4.571426
0.5338135 -5.339249
-9999 -1.029999
0.4799957 -1.684204
-9999 -2.75
3.139633 -26.53333
-5.764847 -8.274963
-7.087723 -4.421051
-9999 -7.376694
-8.480774 -15.25
-7.733322 -9.955551
-9999 -1.333328
-3.741531 -9999
-9.918869 -2.521149
1.440002 3.542862
-9999 0.2666626
-1.692307 -9999
-9999 -1.21196
-11.38095 -9.247604
-9999 -0.09454346
-6.526321 5.56459
-9999 -2.444443
-9999 2.193542
-9999 -9.246964
-9999 0.1657257
-10.32729 -4.111893
2.72728 0.9230804
-9999 5.626266
-9999 -8.222214
-9999 -3.333328
-9999 6.666672
-9.384613 -9999
-1.97403 -2.416428
-15.16667 -1.833328
2.922409 0
-11.86667 -4.666672
-9999 -6.210526
-22.83762 1.489883
-9999 -1.147324
-9999 -9.904755
-9999 -5.777771
-3.428574 -2.50174
-22.06349 1.252747
-9999 -5.356216
-9999 1
-9999 -2.315796
-19.21428 -1.714279
-9999 8.341888
-9999 0.3473206
5.066666 2.461533
-12.17073 -3.250732
-16.62222 -22.62222
-3.766083 -18.21053
5.212128 -8.666656
-9.386368 0.1136322
-3.298462 -1.759995
-7.844147 -9999
-4.890686 -0.336853
-9999 -15
-9999 -24.66667
-4.270676 -9999
-2.974655 -5.837402
-3.600006 -9999
-10.40671 -9999
0 -9999
-0.1515045 -12.04041
6.385574 5.856949
0.7857208 0.3275909
8.14035 4
