0
0
0
0
0
0
0
0
0
0
0
0
0
0
0
0
0
0
0
0
0
0
0
0
0
0
0
0
0
0
0
0
0
0
0
0
0
0
0
0
0
0
0
0
0
0
0
0
0
0
0
0
0
0
0
0
0
0
0
0
0
0
0
0
0
0
0
0
0
0
0
0
0
0
0
0
0
0
0
0
0
0
0
0
0
0
0
0
0
0
0
0
0
0
0
0
0
0
0
0
0
0
0
0
0
0
0
0
0
0
0
0
0
0
0
0
0
0
0
0
0
0
0
0
0
0
0
0
0
0
0
0
0
0
0
0
0
0
0
0
0
0
0
0
0
0
0
0.04583333
-0.03333333
-0.03333334
-0.05
0.02916666
-0.01666666
0.04166667
0.05
0.025
0.06666666
0.0125
0.03333333
0.07916667
-0.02083334
0.1166667
-0.0125
0.04166667
0.1
4.967054E-09
0.004166667
0.0125
-0.05416667
-2.483527E-09
0.05416667
0.0125
0.0125
0.07916667
-0.06666667
0.08750001
-0.07916666
0.1125
-0.00833333
-0.05416666
0.0375
-0.02083333
0.06666667
0.05
0.05416667
0.0375
0.01666667
0.025
-0.09166667
0.0625
-0.1125
0.06250001
0.0125
-0.1291667
0.05416667
0.05416666
-0.008333333
-0.06249999
0.2625
1.6125
3.395834
5.733333
6.699999
7.783333
8.175
8.579167
8.7
8.758334
9.145833
9.224998
9.35
9.358335
9.154166
9.366667
8.945833
9.000001
8.566667
8.683334
8.4375
8.279166
8.258333
7.820833
7.795834
7.6125
7.441667
7.479166
6.987501
7.066667
6.633334
6.733334
6.4
6.4125
6.204168
5.987501
5.758334
5.666667
5.475
5.454166
5.129167
5.275
4.795833
5.008333
4.658334
4.650001
4.508333
4.429167
4.308333
4.1125
4.120833
3.85
3.7125
3.791667
3.450001
3.604167
3.379167
3.375
3.3375
3.1125
3.045834
2.9375
2.870833
2.929166
2.808333
2.729167
2.520833
2.729166
2.441667
2.529166
2.416667
2.3
2.2
2.1125
2.1
2.070833
1.970833
1.883333
1.791667
1.9
1.779167
1.779167
1.558333
1.658333
1.591667
1.483333
1.45
1.5125
1.345833
1.375
1.345833
1.3625
1.295833
1.454167
1.0625
1.270833
1.116667
1.216667
1.1
1.0375
1.166667
0.9458333
0.9833333
0.8625
0.9791667
0.875
0.875
0.8916667
0.7083333
0.95
0.7416666
0.8375001
0.6249999
0.6541668
0.7374999
0.6791667
0.6416668
0.6166667
0.6458334
0.6416667
0.6041667
0.7416667
0.5208334
0.7250001
0.4125
0.7250001
0.6166667
0.4208333
0.575
0.4708333
0.5416667
0.525
0.4583333
0.6041667
0.3749999
0.6
0.3291667
0.55
0.4208333
0.4291667
0.5583334
0.3666666
0.4583333
0.2791667
0.4166667
0.5625001
0.25
0.45
0.1916667
0.2958333
0.0625
0.07916667
-0.004166666
0.02083333
0.02083333
0.0125
0
0
0
0
0
0
0
0
0
0
0
0
0
0
0
0
0
0
0
0
0
0
0
0
0
0
0
0
0
0
0
0
0
0
0
0
0
0
0
0
0
0
0
0
0
0
