0
0
0
0
0
0
0
0
0
0
0
0
0
0
0
0
0
0
0
0
0
0
0
0
0
0
0
0
0
0
0
0
0
0
0
0
0
0
0
0
0
0
0
0
0
0
0
0
0
0
0
0
0
0
0
0
0
0
0
0
0
0
0
0
0
0
0
0
0
0
0
0
0
0
0
0
0
0
0
0
0
0
0
0
0
0
0
0
0
0
0
0
0
0
0
0
0
0
0
0
0
0
0
0
0
0
0
0
0
0
0
0
0
0
0
0
0
0
0
0
0
0
0
0
0
0
0
0
0
0
0
0
0
0
0
0
0
0
0
0
0
0
0
0
0
0
0
0
0
0.07391304
0.08695652
0.1347826
0.0652174
0.1130435
0.09565216
-0.04347825
0.126087
0.02173913
0.03478261
0.08695652
0.1608696
0.06086956
-0.01304348
0.0956522
0.0173913
0.008695648
0.08695651
0.02608695
0.07826088
7.774519E-09
-0.02173913
0.08260868
-0.05652174
0.06521739
0.05652173
-0.03043478
-1.295753E-09
0.1
0.0173913
0.01739131
0.06521738
0.08260869
-0.02608695
0
0.04347827
-0.03478261
0.008695642
0.04347825
0.0347826
-0.07826087
0.1347826
-0.03913044
-0.08695652
0.02173913
-0.03043479
-0.06521739
-0.03478261
0.008695642
0.8913044
5.265217
10.07391
14.05217
16.43913
19.06087
21.26522
22.33044
22.99565
23.42609
23.71739
23.5
23.46956
23.22609
23
22.50435
22.1913
21.9
21.29565
20.88261
20.26957
19.85652
19.27826
18.74783
18.23478
17.83043
17.29565
16.79131
16.31739
15.86522
15.48696
14.96956
14.58261
14.13913
13.71739
13.25217
12.86956
12.36087
12.16957
11.67391
11.43043
11.05218
10.65217
10.32609
10.06522
9.717391
9.499999
9.195652
8.77826
8.543478
8.352174
8.043478
7.752175
7.543478
7.413044
7.086957
6.82174
6.582609
6.347826
6.226087
6.017392
5.778262
5.552174
5.308696
5.282608
5.095652
4.895653
4.747826
4.652174
4.434783
4.278261
4.186956
3.978261
3.847826
3.726087
3.617391
3.421739
3.273913
3.313043
3.156522
3.108696
2.969565
2.834782
2.852174
2.678261
2.565217
2.595652
2.378261
2.443478
2.182608
2.143478
2.117391
2.052174
2.013043
1.891304
1.704348
1.791304
1.665218
1.747826
1.665217
1.630435
1.56087
1.504348
1.452174
1.443478
1.443478
1.478261
1.326087
1.321739
1.23913
1.278261
1.217391
1.182608
1.234783
1.169565
1.156522
1.078261
1.104348
1.086957
1.069565
1.082609
1.026087
1.030435
0.973913
0.9391305
0.9956521
0.9391304
0.947826
0.9608695
0.9217391
0.9217391
0.8565216
1.034783
0.9739131
0.8565218
0.9304348
0.9521739
0.9304348
0.9217392
0.9565218
1.004348
0.8000001
0.8260869
0.7695652
0.8608695
0.8695652
0.8695652
0.7086956
0.6391305
0.7608696
0.6652174
0.273913
0.1347826
0.1217391
0.1521739
0.1086956
0.1217391
0.1217391
0
0
0
0
0
0
0
0
0
0
0
0
0
0
0
0
0
0
0
0
0
0
0
0
0
0
0
0
0
0
0
0
0
0
0
0
0
0
0
0
0
0
0
0
