0
0
0
0
0
0
0
0
0
0
0
0
0
0
0
0
0
0
0
0
0
0
0
0
0
0
0
0
0
0
0
0
0
0
0
0
0
0
0
0
0
0
0
0
0
0
0
0
0
0
0
0
0
0
0
0
0
0
0
0
0
0
0
0
0
0
0
0
0
0
0
0
0
0
0
0
0
0
0
0
0
0
0
0
0
0
0
0
0
0
0
0
0
0
0
0
0
0
0
0
0
0
0
0
0
0
0
0
0
0
0
0
0
0
0
0
0
0
0
0
0
0
0
0
0
0
0
0
0
0
0
0
0
0
0
0
0
0
0
0
0
0
0
0
0
0
0.05
0.04583333
-0.08333332
0.1458333
-0.03750001
0.225
-0.03333333
-0.04166667
0.1125
-0.1416667
0.2416667
0.0375
0.03333335
0.1791667
-0.2791666
0.1875
0.008333332
-0.1125
0.1666667
-0.03333333
0.05833334
-0.05416666
-0.1458333
0.1125
0.02916666
0.06666667
0.0125
0.04166668
-0.01666667
0.06666667
-0.02083333
0.008333337
0.125
-0.04166665
1.241763E-09
0.07083335
-0.05
0.008333337
0.02083332
0.03333333
0.1125
-0.125
0.04166667
0.1166666
-0.09583333
-0.04166666
-0.05
-0.01666666
0.004166672
-0.1083333
0.1208333
-0.225
0.5083333
1.9625
4.025
6.345833
7.158334
8.279167
8.745833
8.629167
9.279167
9.129167
9.462501
9.829167
9.600001
9.833333
9.587501
9.391667
9.416667
9.170835
9.054167
8.875
8.691668
8.437501
8.320833
8.266667
7.862501
7.995834
7.545834
7.483333
7.370833
6.979167
6.958334
6.754166
6.491667
6.512501
6.191666
6.191666
5.966667
5.670834
5.620833
5.420834
5.366667
5.029167
5.008334
4.925001
4.675
4.6
4.4375
4.354167
4.179166
3.9
4.129167
3.820833
3.754167
3.820833
3.454167
3.558333
3.445833
3.233334
3.329167
3.029167
3.045834
3
2.895834
2.883333
2.7625
2.608333
2.583334
2.6375
2.283333
2.391667
2.341667
2.095834
2.316667
2.125
1.954167
2.145833
1.8125
1.8
1.929167
1.7125
1.85
1.566667
1.670833
1.670833
1.395833
1.425
1.316667
1.283333
1.3125
1.283333
1.3
1.15
1.3
1.154167
0.9999999
1.179167
0.9374998
1.1125
1.008333
0.8166666
1.058333
0.7333333
0.9541667
0.8625
0.775
0.8
0.7291667
0.7833333
0.6708333
0.8208334
0.6708333
0.7041666
0.7499999
0.7666666
0.7083333
0.5583334
0.5249999
0.7416666
0.5166667
0.5375
0.6416668
0.4791666
0.5458333
0.6791667
0.5375
0.5541667
0.5041667
0.4291668
0.4749999
0.4041667
0.5791667
0.5041667
0.3416667
0.5
0.4583334
0.3625001
0.4541667
0.4541666
0.3666667
0.5083333
0.3833333
0.275
0.4125
0.3083334
0.3291667
0.4333333
0.2666667
0.4333333
0.3458333
0.1291667
0.0875
0.02083333
0.03333334
0.03333334
0.02083333
0.01666667
0.01666667
0
0
0
0
0
0
0
0
0
0
0
0
0
0
0
0
0
0
0
0
0
0
0
0
0
0
0
0
0
0
0
0
0
0
0
0
0
0
0
0
0
0
0
0
0
