0.000337711
0.00035257
0.000339834
0.000356815
0.000358938
0.000344079
0.000350447
0.000375919
0.000382287
0.000356815
0.000365306
0.000322853
0.000335589
0.000335589
0.000307994
0.000293136
0.000295259
0.000291013
0.000282523
0.000276155
0.000284645
0.000291013
0.000276155
0.000259174
0.000250683
0.000235825
0.000203985
0.000206108
0.000206108
0.000216721
0.000227334
0.000203985
0.000195495
0.000210353
0.000195495
0.000161533
0.000180636
0.000165778
0.0001679
0.000155165
0.000140306
0.000146674
0.000142429
0.000182759
0.000140306
0.000148797
0.000114835
0.000108467
0.000102099
0.00011908
9.14856e-05
0.000102099
0.000131816
9.14856e-05
0.000125448
0.000110589
8.93629e-05
8.2995e-05
7.12675e-05
0.000109475
0.000103107
0.000107352
0.000100984
5.42864e-05
7.12675e-05
9.03712e-05
6.70222e-05
8.40033e-05
7.12675e-05
6.48996e-05
5.42864e-05
5.42864e-05
6.06543e-05
5.42864e-05
5.6409e-05
6.3435e-05
6.53347e-05
5.47215e-05
6.74573e-05
2.2882e-05
6.32121e-05
5.02216e-05
5.02216e-05
5.23442e-05
3.02476e-05
3.44928e-05
1.11438e-05
4.77593e-06
6.8455e-05
2.81249e-05
3.44928e-05
3.44928e-05
3.23702e-05
4.08607e-05
2.81249e-05
2.81249e-05
1.96344e-05
3.44928e-05
4.5106e-05
2.38796e-05
3.23702e-05
2.81249e-05
2.1757e-05
3.75176e-05
5.44987e-05
6.08666e-05
5.2376e-05
5.2376e-05
6.11531e-05
9.29927e-05
9.93606e-05
9.087e-05
9.93606e-05
0.0001312
0.000143936
0.000114219
0.000118464
0.000118464
0.000129077
0.000148181
0.000112096
0.000105728
0.000126955
8.66247e-05
0.000112096
0.000105728
9.087e-05
0.000118464
0.000121553
0.000113062
0.000104572
0.000112627
8.71554e-05
7.65422e-05
8.38653e-05
9.44785e-05
9.02332e-05
7.962e-05
5.83937e-05
8.5988e-05
0.000107214
6.47616e-05
9.87238e-05
7.32521e-05
9.66011e-05
6.47616e-05
6.2639e-05
9.66011e-05
0.00011233
5.28961e-05
6.78394e-05
5.72262e-05
6.57168e-05
3.17546e-05
3.17546e-05
6.99621e-05
5.66001e-05
1.81804e-05
4.17416e-05
3.74964e-05
5.87227e-05
3.53737e-05
2.05896e-05
5.45517e-05
4.68572e-05
1.2895e-05
3.43761e-05
3.01308e-05
5.56024e-05
8.90445e-06
3.43761e-05
3.22534e-05
3.22534e-05
-1.01993e-05
5.71413e-05
2.10565e-05
3.19775e-05
-1.07724e-05
1.25766e-05
4.22935e-05
5.7152e-05
3.11497e-05
4.29303e-05
4.08077e-05
5.08477e-05
5.00836e-05
6.51967e-05
-8.32073e-06
5.86378e-05
5.54645e-05
3.44822e-05
6.59184e-05
1.08573e-05
6.41142e-05
6.88795e-05
1.54846e-05
-0.000346297
0.000486285
-0.000121648
6.63536e-05
-0.00448726
0.00319477
0.00123795
-0.00108586
-0.0050655
0.00450696
0.000180074
-0.000611393
-0.00482485
0.00526861
-0.0002842
0.000199899
-0.00593255
0.00338756
-8.40564e-05
0.000505304
-0.0053791
0.00427862
0.000871788
-0.000448492
-0.00513527
0.00569866
0.000542779
0.000375091
-0.00476593
0.00414489
0.00167627
-0.000514293
-0.00350933
0.00517605
0.00210459
-8.75481e-05
-0.00409296
0.00410466
0.000994996
-0.000210661
-0.00596154
0.00471448
0.0018468
-5.4573e-05
-0.00402436
0.00413505
0.00218647
-0.000546844
-0.0037966
0.00356258
0.000788294
-0.00068057
-0.00419353
0.0049805
0.000461843
-0.000331927
-0.00461328
0.00351853
0.00168245
-0.000965937
-0.00479517
0.00403711
-9.77792e-05
0.000314012
-0.00476545
0.0044574
0.000806463
-0.000798249
-0.00451403
0.00437981
0.00167436
-0.000509836
-0.0047827
0.00427458
0.00139629
-0.000944976
-0.00412256
0.0034319
0.00157884
-0.00105748
-0.00400369
0.00342133
0.000271336
-0.000968283
-0.00589067
0.00333192
0.000850561
-0.000713821
-0.00559164
0.00255603
-0.000323267
-0.00135699
-0.00420557
0.00487719
0.000521224
-0.000652594
-0.00522687
0.00366697
0.0016165
0.000752591
-0.00414221
0.00567286
0.000592321
-9.96577e-05
-0.00410083
0.00477391
0.00208878
0.00197203
-0.003948
0.00506047
0.000968028
0.000358831
-0.00344069
0.00414986
0.00158147
-0.000218292
-0.00382559
0.00443995
0.00231519
0.000718968
-0.00386592
0.00463193
0.00135034
0.00132062
-0.00569847
0.00538346
0.0022738
-0.000271241
-0.0029585
0.0041882
0.000416281
-0.000107872
-0.00396258
0.00424778
-0.000309523
-0.000833814
-0.00473946
0.00466593
-0.000118485
0.000804861
-0.00427673
0.00391664
0.00307184
0.00012774
-0.00417272
0.00503952
0.00112962
-0.000400796
-0.00383947
0.00530485
0.00100227
-0.00241305
-0.00532106
0.00356429
-0.000458107
-0.00190574
-0.00564158
0.00468504
0.000397315
-0.00109702
-0.00550361
0.00399094
0.00040156
-0.00156188
-0.00518309
0.00375532
0.000804861
0.000297551
-0.00451659
0.00533032
-0.000326504
-0.00211376
-0.0043213
0.00495886
0.00189377
-0.00127532
-0.00413663
0.00410131
0.00152019
0.000431277
-0.00472123
0.00577096
-0.00150119
-8.53936e-05
-0.00518396
0.0047245
0.00249149
-0.000575181
-0.00211834
0.00513895
0.00218637
-0.000863859
-0.0033898
0.00468046
0.00233583
0.00156744
-0.00349929
0.00397198
0.000945103
3.69126e-05
-0.00419138
0.00406143
0.00303832
0.000508138
-0.00447793
0.00486166
0.0015291
0.00055906
-0.00432512
0.00552815
0.00209797
0.000363777
-0.00301334
0.00516306
0.00235693
0.000928398
-0.00282867
0.00528292
0.00137247
0.00167813
-0.00327397
0.00649015
0.00102436
0.00071658
-0.00306808
0.00466893
0.00173332
0.00149983
-0.0038768
0.00618449
0.00118993
0.000557383
-0.0036327
0.00590642
0.00225974
0.00071658
-0.0036327
0.0047602
0.00166752
0.00140856
-0.0044393
0.00533968
0.00162719
0.00173545
-0.00205983
0.00525265
0.00271398
0.00154229
-0.0028728
0.00493001
0.00331893
0.00219393
-0.00354355
0.00539699
0.00180761
0.00191639
-0.00399727
0.00390374
0.000711295
-0.000118655
-0.00370578
0.00464679
0.00193194
0.00107652
-0.00318574
0.00472957
0.00174939
-0.000224012
-0.00415938
0.00393423
-0.000790756
-0.000432582
-0.00319625
0.00474877
0.00282142
-0.000224564
-0.00412809
0.00523104
0.00294921
0.00137209
-0.00295808
0.00626901
0.00229544
0.00169473
-0.00259087
0.00571713
0.00191973
-0.000158327
-0.00351168
0.00621848
0.00155505
0.00111779
-0.00481922
0.00513806
0.00119208
0.00137569
-0.00220307
0.0053811
0.00267687
0.00195092
-0.00385873
0.0051179
0.00192494
0.000369381
-0.00307778
0.00484602
0.00222244
0.000878813
-0.00374429
0.00413069
0.00140272
-1.58879e-05
-0.00420597
0.00512938
0.00134897
-0.000257868
-0.00474936
0.00494259
8.59986e-05
-0.00035551
-0.00404253
0.00573832
0.00109612
-0.000811091
-0.00478042
0.00534455
0.00237286
0.000903829
-0.00234805
0.00475004
0.00240241
0.00128166
-0.00423083
0.00370783
0.000937791
0.00057482
-0.00420535
0.00518731
0.00204793
0.000937791
-0.00342635
0.00433825
0.0015576
-0.000195696
-0.00362587
0.00444226
0.00270595
0.000604537
-0.00456196
0.00588344
0.00262944
-0.000486593
-0.0038643
0.00456256
0.00204512
0.00245266
-0.00313787
0.00556281
0.00167414
0.000941834
-0.00345202
0.00537814
0.00170352
0.000874961
-0.00463965
0.0044325
0.00210184
0.000423487
-0.00344687
0.00501395
0.00242434
0.000974576
-0.0033811
0.00567618
0.00127808
0.000469357
-0.0035679
0.00521557
0.00305637
0.000292701
-0.00383158
0.00450199
0.0016704
0.00142629
-0.00354279
0.00574373
0.00134139
0.00200577
-0.00325836
0.00546991
0.00265318
0.00105271
-0.00310341
0.00533414
0.00250891
0.00147094
-0.00374862
0.00649947
0.00199948
7.42498e-05
-0.00332409
0.00579263
0.00112495
-0.000672918
-0.00237315
0.00644216
0.00236033
0.00011458
-0.00325616
0.00578626
-8.91931e-05
0.000687691
-0.00421984
0.00574805
0.00107826
0.000891464
-0.00542338
0.00498391
0.00344712
0.000244061
-0.00379531
0.00621503
0.00169594
0.000471183
-0.00499885
0.00450621
0.00153452
0.00136258
-0.00327325
0.00513012
0.000439099
7.61283e-05
-0.00239886
0.00451176
0.000877805
-7.5258e-05
-0.00482147
0.00516128
0.00102639
-0.000306625
-0.00421864
0.00503605
0.00221294
0.000351392
-0.00419742
0.00356393
0.00227549
0.000142238
-0.00490751
0.00398159
0.00219645
-0.000461089
-0.00302099
0.00535069
0.000495253
-0.000808045
-0.00413634
0.00375138
0.000998318
0.00052497
-0.00464577
0.00423109
0.00146105
0.00021082
-0.00419153
0.00497189
0.00271128
0.000684168
-0.00424459
0.00437543
0.00132348
-0.000180817
-0.00445368
0.00564157
0.00132707
0.000577781
-0.00378423
0.00515631
0.00251787
0.000340046
-0.00332362
0.0044949
0.00137495
0.00122636
-0.00346678
0.00479451
0.00261881
0.000799713
-0.00354957
0.00511928
0.00235136
0.00149169
-0.0035156
0.00516597
0.0017082
0.00263367
-0.00356655
0.00452069
0.00313673
-0.00012151
-0.00450051
0.00470961
0.00201598
0.000561978
-0.00456631
0.00467989
0.00211999
0.00129625
-0.00506529
0.00564129
0.0017229
0.00114554
-0.00287897
0.00449931
0.00167408
0.00122196
-0.00294902
0.00699553
0.0031387
0.00160616
-0.0022719
0.00460756
0.00368846
-0.000172613
-0.0031719
0.00727571
0.0012729
0.00209861
-0.0039509
0.0060361
0.00199138
0.00171968
-0.0031836
0.00606684
0.00112747
-0.000566393
-0.00396473
0.00537699
0.00213572
-9.94136e-05
-0.00486685
0.00475505
0.00163902
-0.000995166
-0.00385223
0.00479751
0.00114021
-0.00158314
-0.00377794
0.00468713
0.00217605
0.000664735
-0.0047586
0.00539184
0.00219091
-0.000589742
-0.00492841
0.00546826
0.00179185
-0.000275592
-0.00527015
0.00313548
0.00176001
0.000316623
-0.00353384
0.00353454
0.000278415
-0.00109705
-0.0036994
0.00571661
0.00039516
-0.000256489
-0.00447416
0.00415859
0.00129304
-0.000874175
-0.00451874
0.0047784
3.6435e-05
0.000662612
-0.00335978
0.00364704
0.00204445
0.000383751
-0.00326718
0.00481794
0.00087408
0.000137526
-0.00483793
0.00522548
0.000534458
-0.000872849
-0.0060542
0.00521275
0.00186535
0.000927146
-0.00347095
0.00498987
0.0022262
1.8658e-05
-0.00514147
0.00281417
0.00186535
-6.83701e-05
-0.00443039
0.00511086
0.000606628
-0.000478336
-0.0045729
0.00317684
0.00106482
-0.000280931
-0.00517148
0.00416599
1.37971e-06
-0.00118093
-0.00450285
0.00300066
0.000844066
-0.00171159
-0.00478941
0.0028818
0.000459869
-0.00129767
-0.00575096
0.00330812
-0.000507501
-0.00121858
-0.00590536
0.00395428
-0.000586038
-0.00141811
-0.00548305
0.00241527
0.000146175
-0.00029321
-0.00576536
0.00392871
-0.000783539
4.00435e-05
-0.00523895
0.00442541
0.00030325
-0.00115712
-0.00421584
0.00222424
0.00119688
-0.00141821
-0.00538329
0.00427682
0.000324477
0.000929428
-0.00568046
0.00398178
0.00400937
0.00048792
-0.00447905
0.00515772
0.00139853
0.000791456
-0.00442598
0.0063379
0.00106952
0.000969758
-0.00336891
0.00496668
0.000920937
-0.00127599
-0.00466159
0.00462494
0.000969758
0.000466693
-0.00563801
0.00432352
0.00026292
-0.000605238
-0.00538541
0.004903
0.000426363
-0.000308069
-0.00349839
0.0036931
0.0010865
-0.000117031
-0.00405027
0.00356362
0.000587683
0.00042424
-0.00347292
0.00432334
0.0023217
0.000224532
-0.00243301
0.00677074
0.00302217
0.000598116
-0.00370659
0.00641838
0.0016191
0.00110967
-0.00402286
0.00480942
0.00187382
-0.000427117
-0.00285329
0.00400495
0.00165731
0.000912266
-0.00445588
0.00593018
0.0017592
0.00215613
-0.00327994
0.0038415
0.00255943
0.000740333
-0.0044771
0.00615942
0.00161274
0.000300947
-0.00432215
0.00466721
0.00107571
0.00126887
-0.00370022
0.0050323
0.00284174
-0.000970511
-0.00444739
0.0061106
0.00199056
0.00114151
-0.0044856
0.0055757
0.00230684
0.000451654
-0.00347734
0.00390094
0.00220495
-7.90045e-05
-0.00352404
0.00438914
0.00167217
0.00120689
-0.00486809
0.00555475
0.00152811
0.000150516
-0.00378909
0.00566088
0.00240051
-0.00053934
-0.00241363
0.0047163
0.00237079
0.00165546
-0.00390372
0.00492645
0.00167032
0.00125641
-0.00286363
0.00578187
0.00352763
0.000978344
-0.00260042
0.00617668
0.00248541
0.00143259
-0.00229051
0.0064229
0.0029906
0.00207999
-0.00229901
0.00747998
0.00313282
0.00208848
-0.00158792
0.00687715
0.00477913
0.00222136
-0.00284537
0.00641781
0.00389577
0.0028578
-0.00296883
0.00605024
0.00473845
0.00178587
-0.0017186
0.00627524
0.00142714
0.000259694
-0.00619949
0.00356888
-0.000381342
-0.00248487
-0.00767896
0.0022953
0.000558985
0.00315285
0.0553973
0.467309
1.84098
4.20088
6.78469
9.43973
11.4957
13.0574
14.1652
14.9145
15.3672
15.5963
15.6489
15.5889
15.4309
15.2217
14.9667
14.6937
14.3895
14.0684
13.731
13.3946
13.0503
12.7091
12.3679
12.0419
11.7075
11.3831
11.0663
10.7721
10.479
10.2004
9.9263
9.66106
9.39126
9.12981
8.87002
8.62287
8.37184
8.12899
7.88762
7.66358
7.43778
7.22517
7.01751
6.82307
6.62208
6.43081
6.23968
6.06117
5.88005
5.70885
5.56308
5.46548
5.3554
5.21082
5.03536
4.83732
4.63834
4.45689
4.28543
4.13869
3.99403
3.86577
3.73903
3.63253
3.52168
3.41846
3.3197
3.232
3.13588
3.04709
2.95868
2.88365
2.79799
2.71971
2.63714
2.57141
2.49417
2.42544
2.3548
2.29173
2.22332
2.15947
2.09299
2.0382
1.97343
1.91923
1.85733
1.81156
1.755
1.70487
1.64997
1.60912
1.56003
1.51435
1.46641
1.43073
1.3859
1.34662
1.30331
1.27257
1.23417
1.19865
1.16355
1.1368
1.09836
1.06519
1.03119
1.00926
0.979737
0.953604
0.925118
0.907264
0.879326
0.858484
0.832541
0.815721
0.791736
0.769915
0.747523
0.733605
0.711428
0.693262
0.671577
0.65974
0.641011
0.625293
0.604746
0.596198
0.577487
0.563302
0.547565
0.538531
0.522447
0.509794
0.494072
0.488787
0.474877
0.462952
0.448741
0.444447
0.432749
0.422144
0.408647
0.406352
0.39499
0.385758
0.374213
0.372721
0.361755
0.353112
0.343798
0.343025
0.3332
0.325531
0.314238
0.315603
0.307456
0.299114
0.290144
0.291509
0.283188
0.278109
0.268555
0.270329
0.26199
0.257464
0.248982
0.251372
0.244293
0.238976
0.230216
0.235287
0.227518
0.222869
0.216257
0.219501
0.213177
0.2089
0.201624
0.2071
0.200333
0.19556
0.18827
0.193645
0.188007
0.18411
0.177148
0.183202
0.177812
0.174732
0.167955
0.172593
0.166532
0.164079
0.157666
0.165548
0.15939
0.156129
0.150725
0.15673
0.150988
0.148104
0.14181
0.149974
0.144822
0.143962
0.138025
0.143986
0.139942
0.137176
0.130713
0.137947
0.133997
0.132454
0.126194
0.13378
0.129096
0.127404
0.121214
0.130329
0.125738
0.123006
0.119329
0.123806
0.121267
0.118977
0.114082
0.121225
0.117413
0.115799
0.111686
0.118758
0.115247
0.111658
0.108553
0.117024
0.11228
0.110544
0.104961
0.112053
0.109752
0.109901
0.103913
0.112412
0.108265
0.106762
0.101302
0.111001
0.105862
0.104202
0.100317
0.108307
0.104792
0.101869
0.0990121
0.104947
0.103274
0.102909
0.0956795
0.105558
0.100797
0.100551
0.0953014
0.103985
0.100077
0.0984322
0.0941573
0.102531
0.0977785
0.098411
0.0929558
0.10144
0.0990393
0.0965006
0.0927372
0.099882
0.098411
0.0969867
0.0915719
0.0989268
0.0969889
0.0941318
0.0899969
0.098687
0.0953672
0.0943907
0.0903217
0.0988992
0.0934992
0.0937455
0.0898292
0.0972945
0.0941254
0.0919497
0.08787
0.096732
0.0927966
0.0913554
0.0858004
0.0955051
0.0912004
0.0881544
0.0854311
0.0945584
0.0902962
0.0888294
0.0858493
0.0924443
0.0898836
0.0885909
0.0851904
0.0904843
0.0878055
0.086706
0.081565
0.090894
0.0884317
0.0853687
0.0831591
0.0893996
0.0872069
0.085685
0.0802723
0.0901701
0.0868779
0.0862433
0.0805907
0.0889793
0.0849994
0.0842353
0.0803296
0.0867081
0.0857232
0.0837874
0.0787631
0.0856617
0.0838086
0.0808645
0.0788077
0.0868779
0.0826157
0.0817624
0.0765258
0.0860926
0.0827834
0.0806353
0.0762223
0.0848381
0.0805249
0.0813633
0.0757299
0.0854091
0.0813633
0.0807159
0.0756938
0.0843053
0.0818112
0.0807053
0.0772666
0.0845643
0.0823567
0.0808475
0.0765895
0.0851331
0.0804824
0.078882
0.0772942
0.0845579
0.0807287
0.0795421
0.0766702
0.0834626
0.0812508
0.0796164
0.0760907
0.0844772
0.0805588
0.0796079
0.0761692
0.0842819
0.0824164
0.0804933
0.0757598
0.083724
0.0812553
0.0793152
0.075348
0.0830362
0.0795806
0.0787336
0.0763627
0.0815143
0.0798459
0.0783325
0.0752844
0.0819346
0.0775025
0.0777806
0.0730068
0.0820365
0.0784619
0.0759636
0.0734822
0.0804572
0.0776723
0.078203
0.0722129
0.0808435
0.0777912
0.0771523
0.0734992
0.0805039
0.0777509
0.0758851
0.0718563
0.0793619
0.0768296
0.0759318
0.0724188
0.0798735
0.077182
0.075261
0.0721874
0.0795127
0.0781011
0.0775174
0.0737858
0.0808987
0.0792728
0.0755921
0.0723891
0.0811704
0.0775131
0.0774346
0.0727839
0.0811365
0.0768679
0.0766789
0.0724103
0.0811895
0.0781032
0.076974
0.0728242
0.0804869
0.0772351
0.0757747
0.0715422
0.0806843
0.0762671
0.0772223
0.0728348
0.0805655
0.0782157
0.075036
0.0724613
0.0801961
0.0766641
0.0752122
0.0716165
0.0792027
0.0771841
0.0750785
0.0720155
0.0780162
0.075762
0.0758299
0.0707122
0.0797419
0.074949
0.076091
0.0715231
0.0784131
0.076074
0.0754648
0.0699396
0.0780905
0.0757301
0.0739768
0.0693686
0.0783431
0.0752929
0.0731787
0.0692518
0.0780056
0.0750318
0.0727818
0.0690757
0.077078
0.0738134
0.0716419
0.0669106
0.0763712
0.0728964
0.0708141
0.0676174
0.0755009
0.0702643
0.0690948
0.0655691
0.074274
0.0718139
0.0702856
0.0659915
0.073906
0.0708876
0.0690494
0.0639594
0.0728277
0.0700029
0.0674154
0.0637708
0.0707118
0.0710812
0.0655496
0.0630958
0.0702682
0.0675173
0.0660845
0.0612322
0.0705378
0.0672328
0.065851
0.0604447
0.0676489
0.0659402
0.0644946
0.0593642
0.0680989
0.0640574
0.0652248
0.0595277
0.0676468
0.0645562
0.0626713
0.0588124
0.0666852
0.0626267
0.0623147
0.0574921
0.0666024
0.0620388
0.0609053
0.0560084
0.0636965
0.0619135
0.0602833
0.0558895
0.0636074
0.0612428
0.0603682
0.0556411
0.0636796
0.0595256
0.0572183
0.0546244
0.0627711
0.0610963
0.0594661
0.0556517
0.0625991
0.0606527
0.057768
0.0550468
0.0629791
0.0601199
0.0581437
0.0547687
0.0638324
0.0590671
0.0584791
0.0546265
0.0624972
0.0606909
0.0582859
0.0536777
0.0625312
0.0588357
0.0590628
0.0533657
0.0624399
0.0583793
0.057855
0.0544058
0.060606
0.0588718
0.0560933
0.0532171
0.0612789
0.0576067
0.0570293
0.054219
0.061334
0.0573753
0.05621
0.0526652
0.0606187
0.057301
0.0564435
0.0519265
0.0607652
0.0577468
0.0558661
0.0525803
0.0596423
0.0567025
0.0554862
0.0510647
0.0579739
0.0572352
0.0557324
0.0501414
0.0601623
0.055518
0.0543994
0.0517864
0.0579017
0.05704
0.0543251
0.0500013
0.0578614
0.055951
0.0527077
0.0497041
0.0573265
0.0541192
0.0523213
0.0485706
0.0575091
0.0530452
0.0514107
0.0476261
0.0550341
0.0525718
0.050515
0.0460277
0.0547454
0.0512388
0.0493475
0.0460511
0.0545543
0.0518798
0.0511985
0.0468322
0.053856
0.0515784
0.0483584
0.0454546
0.0533805
0.0495619
0.0478999
0.0439836
0.0516124
0.0504555
0.0472504
0.0450025
0.0520411
0.0491586
0.047694
0.0426082
0.0515954
0.0475539
0.0469638
0.0415532
0.0497105
0.0478872
0.0462506
0.0416275
0.0507506
0.0467409
0.0437841
0.0391971
0.0497742
0.0456393
0.0452848
0.0404919
0.0487659
0.0459386
0.0416381
0.0389169
0.047123
0.0445907
0.0424235
0.0361999
0.0463037
0.0431006
0.0409207
0.0375223
0.0438265
0.0421284
0.0403242
0.0350473
0.0450173
0.0413473
0.0400759
0.0357945
0.0432683
0.0385815
0.0388086
0.0338183
0.042311
0.0398827
0.0366075
0.0324068
0.0419926
0.0365947
0.035578
0.0313221
0.0393966
0.0363061
0.0359961
0.0302863
0.0383098
0.0357329
0.0324832
0.0292929
0.0384202
0.0352235
0.0324896
0.0279132
0.0363591
0.0340348
0.0311417
0.0283483
0.0364101
0.0328738
0.0320714
0.0270004
0.0355355
0.0321881
0.0302544
0.0262193
0.0355037
0.0307235
0.0296558
0.0268752
0.0341579
0.0312669
0.0289808
0.0248077
0.0337589
0.02959
0.0279344
0.0222563
0.0338396
0.0297153
0.0280981
0.0242413
0.0333835
0.0303354
0.0272215
0.0248717
0.0318403
0.0280811
0.027041
0.0223161
0.0304245
0.0286139
0.0269413
0.0212781
0.0294439
0.0273849
0.0257123
0.0209385
0.0281851
0.0250479
0.0259288
0.0195439
0.0277415
0.0254936
0.0248186
0.0194887
0.0274146
0.0240057
0.0242668
0.0189241
0.0272448
0.0233052
0.0231205
0.0178394
0.0275505
0.0240142
0.0219
0.0180708
0.0256337
0.0216368
0.0211146
0.016464
0.0236385
0.0216602
0.0206562
0.0164703
0.0243198
0.0209915
0.0198835
0.0136642
0.0244238
0.0203547
0.0181196
0.0134901
0.0222023
0.0183476
0.0182245
0.0140811
0.0220877
0.0175155
0.0168872
0.0110351
0.0206677
0.0170549
0.0159745
0.0115785
0.0207759
0.0168427
0.0150681
0.0104875
0.0185917
0.0158323
0.0136969
0.0103241
0.0175862
0.0153956
0.0131626
0.00884941
0.017773
0.0148777
0.0135956
0.00730414
0.0168411
0.0129397
0.0120822
0.00772442
0.0153107
0.0139395
0.0103077
0.00733385
0.0151154
0.0121926
0.0116184
0.00731156
0.0146431
0.0117903
0.0104509
0.00647099
0.0139321
0.0112406
0.00969952
0.00269695
0.013637
0.0107863
0.00849386
0.00430803
0.0129068
0.00831556
0.00750047
0.00237643
0.0111917
0.0101368
0.00728608
0.00189884
0.0109837
0.00656226
0.00631179
0.000725018
0.0108606
0.00716934
0.00573444
0.000357802
0.0102939
0.00583632
0.00413822
3.32192e-06
0.00727123
0.00614835
0.003096
-0.00136153
0.00717146
0.00393657
0.00265662
-0.00241011
0.00635
0.00291982
0.00104978
-0.00245681
0.00660472
0.00338256
0.00164836
-0.00435657
0.00593184
0.00173327
-9.64419e-05
-0.00363063
0.00460307
0.00154011
-0.00140399
-0.00489147
0.0025993
-0.000276866
-0.00188582
-0.00573416
0.00151676
-0.00110682
-0.00183902
-0.00714985
0.00167394
0.000205078
-0.0030468
-0.00794796
0.0013322
-0.00179232
-0.00337156
-0.00853169
0.000345172
-0.00240152
-0.00438618
-0.00936801
-0.000690674
-0.00366449
-0.00442227
-0.00823664
-0.00125529
-0.00512061
-0.00681023
-0.0112296
-0.00227204
-0.00628806
-0.00716047
-0.0118027
-0.00343736
-0.00780575
-0.0065725
-0.0118982
-0.00367722
-0.00721565
-0.00893074
-0.0132333
-0.00533924
-0.00813688
-0.0091982
-0.0137555
-0.00695882
-0.00733452
-0.0103763
-0.0136748
-0.00525222
-0.00749584
-0.0115373
-0.0155236
-0.00646
-0.0118218
-0.0109939
-0.0164512
-0.00732815
-0.00982013
-0.0120807
-0.0160246
-0.00838735
-0.0117114
-0.0113038
-0.018247
-0.00879065
-0.0126581
-0.0133182
-0.0181833
-0.0080541
-0.0131463
-0.0132036
-0.0182024
-0.00999418
-0.0123376
-0.0134095
-0.0189708
-0.00975645
-0.0136515
-0.0141565
-0.018648
-0.0107645
-0.0135367
-0.014286
-0.0185609
-0.0113185
-0.0151732
-0.0146277
-0.0202145
-0.011172
-0.0138402
-0.0166739
-0.0220866
-0.0115817
-0.0150416
-0.0168777
-0.0208279
-0.0120805
-0.0158673
-0.0168628
-0.0215963
-0.0140079
-0.0159628
-0.0176376
-0.0224793
-0.0125772
-0.0162918
-0.0183126
-0.0208109
-0.0130166
-0.0167737
-0.0175145
-0.0223222
-0.0148124
-0.0178456
-0.0194015
-0.0232265
-0.0147869
-0.0188942
-0.0199046
-0.0245171
-0.0149822
-0.0188624
-0.0203164
-0.0251347
-0.0153558
-0.0205541
-0.0208873
-0.0258437
-0.016848
-0.0191256
-0.0208682
-0.0258225
-0.0161411
-0.0207112
-0.020934
-0.0251262
-0.0157421
-0.0212652
-0.0215814
-0.0266652
-0.0191489
-0.0205159
-0.0233135
-0.0269602
-0.01851
-0.0210614
-0.0220888
-0.0277753
-0.0187477
-0.0216939
-0.0235788
-0.0284397
-0.0198282
-0.022076
-0.02346
-0.0276458
-0.0187562
-0.0220697
-0.0236871
-0.0286137
-0.0203779
-0.0228847
-0.0254001
-0.0282295
-0.0207897
-0.023702
-0.0249204
-0.0302269
-0.0203609
-0.0230057
-0.0260135
-0.0297387
-0.0200553
-0.0248673
-0.0268795
-0.0318083
-0.0215517
-0.0257779
-0.0272531
-0.030435
-0.0217576
-0.0256887
-0.0268753
-0.0311885
-0.0227425
-0.0265123
-0.0280279
-0.0325916
-0.0232803
-0.0271329
-0.0290114
-0.0329001
-0.0246812
-0.0278822
-0.0298456
-0.0336006
-0.0250824
-0.0283237
-0.027447
-0.0335135
-0.0250697
-0.0271562
-0.0298711
-0.0346343
-0.0255558
-0.028935
-0.03096
-0.034093
-0.0253881
-0.0286315
-0.0290305
-0.0338383
-0.0264027
-0.028069
-0.0305673
-0.0345918
-0.0259294
-0.0288692
-0.0308539
-0.0362645
-0.0255621
-0.029247
-0.0308645
-0.0343583
-0.0260121
-0.0308305
-0.0312911
-0.0345303
-0.0271329
-0.0291324
-0.0297692
-0.0343732
-0.0264112
-0.0296801
-0.0310513
-0.0365807
-0.0279416
-0.0307329
-0.0325371
-0.0352562
-0.02781
-0.029281
-0.0303784
-0.0352286
-0.0281942
-0.0304973
-0.0321487
-0.0372934
-0.0284207
-0.029741
-0.0336997
-0.0354912
-0.0279792
-0.031507
-0.0321184
-0.0377837
-0.02775
-0.0320929
-0.03322
-0.0384396
-0.0292486
-0.0315962
-0.0331394
-0.0367542
-0.0293441
-0.032475
-0.032717
-0.0374313
-0.0290872
-0.0329844
-0.0326087
-0.0377136
-0.0299915
-0.0317066
-0.0328464
-0.0376882
-0.0292188
-0.0320441
-0.0341943
-0.038412
-0.0291552
-0.0337995
-0.0342877
-0.039
-0.0290788
-0.0330269
-0.0363658
-0.0385754
-0.0305115
-0.0312842
-0.034778
-0.0388365
-0.0303502
-0.0325004
-0.0349882
-0.0378049
-0.0302611
-0.031749
-0.0335002
-0.0391655
-0.0289514
-0.0319146
-0.0329844
-0.0383398
-0.0291467
-0.0327721
-0.0336021
-0.0374334
-0.0300679
-0.0315835
-0.0343811
-0.037875
-0.0299724
-0.033029
-0.0334705
-0.0400889
-0.0289663
-0.0335575
-0.0343238
-0.0387474
-0.0291148
-0.0333007
-0.0340669
-0.0394139
-0.0317129
-0.0321438
-0.0342601
-0.039684
-0.0297395
-0.0327154
-0.0335687
-0.0384401
-0.0299114
-0.0334753
-0.0350606
-0.0387179
-0.0295121
-0.0330399
-0.0338444
-0.0393823
-0.0301192
-0.0331673
-0.0343729
-0.0395182
-0.0304821
-0.0328828
-0.0343857
-0.0401995
-0.0313821
-0.0334474
-0.0333859
-0.0391955
-0.0282024
-0.0342265
-0.0340312
-0.0390448
-0.0290154
-0.0326069
-0.0354364
-0.0392417
-0.0302884
-0.0323814
-0.0324408
-0.0375776
-0.0289342
-0.0320269
-0.0330733
-0.0369174
-0.0292186
-0.0328229
-0.0343427
-0.0383799
-0.0302035
-0.0325618
-0.0340497
-0.0379384
-0.0281531
-0.032324
-0.0348224
-0.0380169
-0.0282465
-0.0331604
-0.0344552
-0.0374226
-0.0297472
-0.033033
-0.0343236
-0.0382313
-0.0283632
-0.0322689
-0.0353976
-0.037828
-0.0283929
-0.0323092
-0.0342663
-0.0382738
-0.0289448
-0.0333896
-0.0335106
-0.0382611
-0.0295179
-0.0323092
-0.0348521
-0.0381953
-0.028688
-0.0329205
-0.0356948
-0.0387556
-0.0291868
-0.034141
-0.0329014
-0.0376986
-0.0281998
-0.0325979
-0.0346504
-0.0383099
-0.0287495
-0.0312818
-0.0347517
-0.0374708
-0.0290928
-0.0327777
-0.0331279
-0.0387402
-0.0301244
-0.0325081
-0.0341001
-0.0387444
-0.030101
-0.0327565
-0.034081
-0.0386171
-0.0290631
-0.0325951
-0.0327883
-0.0387847
-0.0292414
-0.0325378
-0.0332234
-0.037594
-0.0291395
-0.0330239
-0.0339558
-0.0378593
-0.0298697
-0.0316867
-0.0332319
-0.0387402
-0.0288636
-0.0312982
-0.033476
-0.037093
-0.0289527
-0.0314001
-0.032022
-0.0376258
-0.0282119
-0.0313088
-0.0332532
-0.0359425
-0.0279551
-0.0304725
-0.0318119
-0.0350977
-0.0277407
-0.0307336
-0.0324784
-0.0358746
-0.0264904
-0.0307548
-0.0313088
-0.0357218
-0.0261805
-0.0293794
-0.0311496
-0.0349173
-0.0265881
-0.029114
-0.032714
-0.0355074
-0.0256244
-0.0301265
-0.0305022
-0.0351996
-0.0247647
-0.02856
-0.030776
-0.0338793
-0.0251914
-0.0290652
-0.0303473
-0.0331449
-0.0245185
-0.0276919
-0.0288636
-0.0330621
-0.0247053
-0.0280294
-0.0290779
-0.0337456
-0.0239475
-0.0256732
-0.0294112
-0.0317418
-0.0235188
-0.0263949
-0.0277222
-0.0318083
-0.0221927
-0.02758
-0.0275205
-0.0311503
-0.0231564
-0.0252536
-0.0265972
-0.0328186
-0.0228571
-0.0264529
-0.0278135
-0.0308998
-0.0232158
-0.0252451
-0.0275588
-0.0296411
-0.0229781
-0.0252366
-0.0263361
-0.0300125
-0.0218998
-0.024413
-0.0260326
-0.0309359
-0.021314
-0.0252663
-0.0253937
-0.0289979
-0.0203397
-0.0256548
-0.0257375
-0.0308764
-0.0195883
-0.0250265
-0.0265165
-0.0299679
-0.0198175
-0.0237253
-0.0241498
-0.0294988
-0.0186883
-0.0221078
-0.0241371
-0.0285585
-0.0185885
-0.022059
-0.0243769
-0.028047
-0.0196604
-0.0222585
-0.0240267
-0.0287113
-0.0183402
-0.0195776
-0.0241456
-0.0283845
-0.0184463
-0.0219529
-0.0230036
-0.0272404
-0.0191446
-0.0207854
-0.0230524
-0.026663
-0.0185354
-0.0203779
-0.0223986
-0.0266864
-0.0182786
-0.0204585
-0.020363
-0.0258882
-0.0165041
-0.0201126
-0.01986
-0.0246189
-0.0172364
-0.0188135
-0.0193548
-0.0253661
-0.016243
-0.0194057
-0.0189133
-0.0240458
-0.015655
-0.0193399
-0.0206453
-0.0251326
-0.0150204
-0.0187392
-0.0214371
-0.0234982
-0.0153387
-0.0180451
-0.0186777
-0.0236276
-0.0136279
-0.0161475
-0.0196668
-0.0231628
-0.0148017
-0.0181746
-0.0184611
-0.0237486
-0.0142286
-0.0171557
-0.0194121
-0.0224878
-0.0138614
-0.0169732
-0.0177119
-0.0224156
-0.0145237
-0.016364
-0.0165911
-0.0211442
-0.0139635
-0.0157465
-0.0161329
-0.0212229
-0.0125053
-0.01598
-0.0153326
-0.0190621
-0.0116584
-0.0152902
-0.0179838
-0.0203123
-0.0116414
-0.0143456
-0.0154579
-0.0188749
-0.0103207
-0.0138697
-0.0144768
-0.0189725
-0.010187
-0.0124667
-0.0138612
-0.0189322
-0.00972847
-0.0127023
-0.0140586
-0.0190405
-0.00950135
-0.0113629
-0.0135004
-0.0157907
-0.00921055
-0.0113268
-0.0114457
-0.0154256
-0.00782447
-0.0121886
-0.0117577
-0.0158884
-0.00604782
-0.0112483
-0.0116452
-0.0163065
-0.00704334
-0.00987281
-0.0115412
-0.0163023
-0.00661032
-0.0104565
-0.011469
-0.0154447
-0.00609452
-0.00885819
-0.00920418
-0.0137466
-0.00524971
-0.00901739
-0.00862046
-0.0146403
-0.0060924
-0.00908956
-0.010724
-0.0131926
-0.00458108
-0.0078181
-0.00872659
-0.0125855
-0.00462778
-0.00759098
-0.00859923
-0.0117832
-0.00384453
-0.00590773
-0.00742754
-0.0125028
-0.00266859
-0.00696692
-0.00841881
-0.0105266
-0.00260491
-0.00552565
-0.00867777
-0.0121037
-0.0029233
-0.00615608
-0.00653603
-0.0114775
-0.00184925
-0.00598414
-0.00693508
-0.011469
-0.00216488
-0.00483303
-0.00503468
-0.00956226
-0.0021012
-0.00474175
-0.00408798
-0.00938396
-0.000214174
-0.00231983
-0.00511109
-0.00866651
0.000180636
-0.00307124
-0.00503468
-0.0089191
1.50707e-05
-0.00276346
-0.00491581
-0.00806156
0.00082804
-0.00342148
-0.0055526
-0.00756698
0.00132898
-0.00171912
-0.00245568
-0.00780684
0.00183205
-0.00156417
-0.00288657
-0.00783019
0.00118889
-0.00207573
-0.00191228
-0.00639953
0.000738889
-0.000848842
-0.00178917
-0.00776651
0.00227568
-0.00135403
-0.00179766
-0.00570755
0.00268959
-0.00226676
-0.0032835
-0.00687288
0.00250068
-0.0025236
-0.00258516
-0.00641227
0.00313959
-0.00197172
-0.00210756
-0.00764552
0.00285728
-0.00121818
-0.00189106
-0.00586463
0.00209525
-0.000373372
-0.00138375
-0.00545921
0.00305044
0.00194879
0.000443843
-0.00391393
0.00537472
0.00158582
0.00101483
-0.00338751
0.00535562
0.00134809
0.000770729
-0.00370803
0.00544265
0.00301011
0.00163464
-0.00352866
0.00638617
0.00214727
0.00154232
-0.00129777
0.00684678
0.00257816
0.00251236
-0.00218291
0.00635433
0.00239137
0.00321071
-0.00151852
0.00786777
0.00429962
0.00224491
-0.00167984
0.00780834
0.00450552
0.00326802
0.000595622
0.00814584
0.00676612
0.00390481
-0.000255555
0.0102239
0.00547556
0.00443335
-0.000223715
0.00998828
0.006089
0.00539066
0.00169939
0.00957649
0.0053949
0.00566448
0.00209208
0.00919654
0.0065857
0.00716942
0.00295812
0.0108013
0.00774041
0.00637556
0.00188831
0.0113638
0.00746872
0.00718216
0.00261425
0.011022
0.00837083
0.00697202
0.00243587
0.0109222
0.0079802
0.00699954
0.00379011
0.0122212
0.00910944
0.00937264
0.00378799
0.0144967
0.0102111
0.00991604
0.00470497
0.0133717
0.0103384
0.00812878
0.00515072
0.0134842
0.0105189
0.0103002
0.00509341
0.0144627
0.0105613
0.00877618
0.00457337
0.0148321
0.0107354
0.00968043
0.00530355
0.0147429
0.0116566
0.00981203
0.00542242
0.0157745
0.0120875
0.0108606
0.00670874
0.0146729
0.0126649
0.0113382
0.00724364
0.0159953
0.0131276
0.0129365
0.0072776
0.0153882
0.0139299
0.0120811
0.00810119
0.0158276
0.0144139
0.0124576
0.00839279
0.0169534
0.0154909
0.013196
0.00682808
0.0177384
0.0136821
0.0129583
0.00857501
0.0155373
0.0145778
0.0144207
0.00896133
0.0174073
0.0148623
0.0135972
0.0093052
0.0190545
0.0148071
0.0125443
0.0098401
0.0193601
0.0154417
0.0141066
0.0102222
0.0195193
0.0150384
0.0143443
0.00993138
0.018613
0.0162377
0.0144993
0.0107613
0.0192434
0.0174922
0.0161358
0.0103262
0.0198611
0.0160552
0.016295
0.0118757
0.0206273
0.0171101
0.0158748
0.0108611
0.0200691
0.0175814
0.0169594
0.0125486
0.02057
0.0177766
0.0167344
0.0120561
0.0211049
0.0179273
0.0153038
0.0131811
0.0205637
0.0182118
0.0171568
0.0122302
0.0213512
0.0185705
0.0173457
0.0142085
0.0213363
0.0182564
0.0177681
0.0137691
0.0223424
0.0204448
0.0177788
0.0130516
0.0211813
0.0191797
0.0187021
0.0147795
0.0222002
0.0191542
0.0175686
0.0130601
0.0223318
0.0193346
0.0179783
0.0131238
0.0232891
0.0201646
0.0190332
0.0146542
0.0216674
0.0214467
0.0188571
0.0146033
0.0224019
0.0207589
0.019099
0.0138752
0.0251655
0.0205615
0.0197231
0.0158832
0.0239344
0.0212259
0.0200627
0.0141894
0.0239747
0.0223912
0.0191118
0.0151212
0.024412
0.0205042
0.0200096
0.0155988
0.0233698
0.0212302
0.0193198
0.0178743
0.0256559
0.0219306
0.0205891
0.0152337
0.024896
0.021712
0.0212068
0.0183264
0.0247219
0.022871
0.0195554
0.0176089
0.0253077
0.0223997
0.0224931
0.016433
0.0262922
0.0219641
0.0211108
0.0174153
0.0256448
0.0223547
0.0204931
0.0171924
0.0255492
0.0229469
0.0206969
0.0178759
0.0264705
0.0221382
0.0225118
0.0169526
0.0264132
0.0236389
0.0208158
0.0188842
0.0253306
0.0250313
0.0216882
0.0175851
0.026307
0.0242438
0.0228769
0.0173219
0.0256023
0.0243181
0.0230318
0.0179736
0.0260353
0.0245813
0.0216669
0.0183004
0.0264153
0.0239106
0.0221042
0.0197523
0.0273089
0.0237047
0.0240188
0.0192302
0.0267528
0.0242905
0.0222783
0.0185446
0.0269268
0.0238342
0.0230085
0.0187717
0.0283002
0.0251502
0.0225903
0.0198861
0.0283893
0.025632
0.0245155
0.0193129
0.0284509
0.0254198
0.0240337
0.0189861
0.0267952
0.0244773
0.023416
0.0190795
0.0283787
0.0246747
0.0224863
0.018483
0.0271731
0.023537
0.0236124
0.019157
0.0290082
0.0253127
0.024436
0.0199658
0.0286221
0.0258245
0.0232561
0.020382
0.0290509
0.0250667
0.0237485
0.0215685
0.0297152
0.0259624
0.0234386
0.0206261
0.029123
0.0243832
0.0245466
0.0188537
0.0278282
0.0267605
0.0245466
0.0191869
0.0283589
0.0266883
0.0243662
0.0196921
0.0286709
0.0239523
0.0246909
0.0199256
0.0284438
0.0259199
0.0253638
0.0207598
0.0292992
0.0252577
0.0246039
0.0204435
0.0286221
0.0257671
0.024831
0.0202716
0.0286518
0.0235957
0.0251452
0.0206579
0.0290211
0.0259666
0.0239735
0.0202822
0.0289065
0.0258987
0.0255039
0.0201761
0.0296473
0.0258987
0.0246166
0.0199787
0.0287197
0.0247567
0.0242622
0.0201634
0.0279874
0.024969
0.0243089
0.01879
0.0285117
0.0243725
0.0242324
0.0199023
0.0276902
0.0271064
0.0248989
0.0202864
0.0277921
0.0246039
0.0236911
0.0203756
0.0287494
0.0249265
0.023689
0.0195223
0.0288989
0.0250463
0.0243968
0.0195911
0.0288161
0.0244944
0.0230722
0.0182812
0.0272536
0.0247043
0.0231739
0.0188862
0.0279498
0.0246619
0.0230593
0.0180647
0.026689
0.0229022
0.0218621
0.018035
0.0273109
0.0243753
0.0232694
0.018918
0.0273534
0.0240314
0.0230529
0.020805
0.025651
0.0237343
0.0230508
0.0184808
0.0280199
0.023885
0.0204909
0.0168909
0.0268503
0.0235814
0.0211914
0.0176657
0.0256171
0.0233119
0.0226751
0.0179904
0.0266253
0.0223737
0.0224182
0.0159421
0.0263303
0.0219491
0.0194741
0.0163836
0.0253411
0.0229234
0.0218409
0.0171095
0.0251331
0.0220998
0.0207774
0.0164515
0.0246406
0.0216987
0.0205079
0.0160164
0.0257232
0.0208921
0.0208927
0.0156349
0.0254479
0.0214361
0.0209118
0.0154587
0.0247899
0.0208354
0.0212026
0.015446
0.0249215
0.021608
0.0200521
0.0157389
0.0249533
0.0211835
0.021591
0.0147201
0.0240851
0.0214234
0.0202156
0.0146054
0.0254903
0.0215337
0.0203493
0.0154269
0.0245182
0.0208651
0.0207866
0.0153654
0.0250488
0.0216717
0.0210264
0.0151637
0.0234038
0.0209351
0.0205191
0.0145524
0.0255774
0.0207462
0.0202092
0.0162505
0.0247198
0.0213172
0.0181566
0.0145694
0.0233613
0.0198653
0.0189632
0.0139835
0.023529
0.0192498
0.0189547
0.0152591
0.0232891
0.0191011
0.0203068
0.0152379
0.0234695
0.0205424
0.0186044
0.0140386
0.0256367
0.0217374
0.0194811
0.0142721
0.0234716
0.0197167
0.0191011
0.0137372
0.0218712
0.0187254
0.0176068
0.0117398
0.0214933
0.018891
0.0182478
0.0130389
0.0216844
0.0168426
0.0167089
0.0128054
0.0213596
0.0187764
0.01517
0.0133318
0.0205488
0.017454
0.0164797
0.0125613
0.0210157
0.0176917
0.0156115
0.0127969
0.0217056
0.0173712
0.0167683
0.0114129
0.0199863
0.0182606
0.0158301
0.0114129
0.0198704
0.0176077
0.0160454
0.0129315
0.0202227
0.0183569
0.0154617
0.0116515
0.0208425
0.0169072
0.0152388
0.0106199
0.0184801
0.0167204
0.0142624
0.0112143
0.0199808
0.0150647
0.0148291
0.0101699
0.0186796
0.0141499
0.0155105
0.0108534
0.0176671
0.015156
0.014011
0.00969566
0.0182095
0.014843
0.0132277
0.00882962
0.0178805
0.01396
0.0129334
0.00958172
0.0189043
0.0135532
0.0137654
0.00946991
0.0174171
0.0137153
0.0126604
0.00641158
0.0165896
0.0140743
0.0131743
0.00783374
0.0170099
0.0136476
0.0113892
0.00828162
0.0161078
0.0131892
0.0118922
0.00809695
0.0154731
0.0136498
0.0126415
0.00745379
0.016473
0.0135013
0.0121683
0.00810765
0.0156112
0.0125737
0.0108543
0.00677463
0.0163668
0.01161
0.0113298
0.00544799
0.0154732
0.0121555
0.0101624
0.00779774
0.0146899
0.0120982
0.0115378
0.00576214
0.0142824
0.0119135
0.0109244
0.00643289
0.0139364
0.00984821
0.00926661
0.00589162
0.0146263
0.00961048
0.0113277
0.00572181
0.013669
0.0102218
0.00923477
0.0056645
0.0154223
0.0114317
0.00847487
0.00491308
0.0138027
0.011281
0.0105232
0.00382417
0.0141444
0.0101178
0.00855128
0.00433573
0.0129791
0.0103173
0.0083093
0.0044737
0.0135055
0.00920505
0.00886543
0.0046329
0.0143333
0.00996708
0.00760883
0.00499587
0.0117522
0.00954043
0.00850246
0.00406191
0.0118329
0.00811614
0.0086935
0.00382417
0.0120451
0.00793359
0.00781473
0.00311521
0.0120961
0.00868076
0.00666001
0.00158691
0.0109201
0.00810553
0.00681496
0.000635973
0.0113319
0.00811614
0.0066218
0.00238078
0.0101348
0.0065178
0.00602747
0.00119847
0.0100029
0.00763825
0.00541373
0.00246327
0.0111088
0.00809462
0.00617363
0.00341845
0.0100665
0.00909438
0.00605264
0.00235077
0.0103149
0.00664061
0.00558354
0.00201963
0.0108795
0.00622245
0.00562599
0.000315158
0.00909438
0.00549439
0.00399369
0.00162907
0.00850216
0.00678283
0.00516538
0.000247234
0.00891183
0.0051675
0.00409345
0.000279073
0.00871655
0.00500194
0.00450524
0.00088827
0.00884815
0.00452434
0.00430359
-0.00179262
0.00836631
0.00405524
0.00325501
-0.00099663
0.00748117
0.00441184
0.00222553
-0.00130017
0.00811372
0.00532458
0.00163968
-0.00198578
0.0064517
0.00316586
0.00260973
-0.0038728
0.00638377
0.00305548
0.000879779
-0.00272233
0.00499345
0.00285595
0.00109204
-0.00269898
0.00619274
0.0019793
0.000697233
-0.00397893
0.00390241
0.0028324
0.000342551
-0.00373928
0.0044732
0.000266136
-0.000353673
-0.00433998
0.00413782
-0.000200844
-0.00173126
-0.00502559
0.0049423
0.00162887
0.000805285
-0.00371593
0.00487862
0.00188571
-0.000485277
-0.00515295
0.00527556
5.38725e-05
-0.00244235
-0.00529305
0.0025883
-0.000338815
-0.00126853
-0.00405837
0.00446189
-0.00123527
-0.00139447
-0.00651851
0.00401189
0.00116756
9.77474e-05
-0.00531285
0.00306731
0.000779113
-0.000787392
-0.00576073
0.00345576
-0.00107182
-0.00152182
-0.00575436
0.00205482
-0.000766165
-0.00163857
-0.0067244
0.00203996
-0.000277959
-0.00244941
-0.0059369
0.00239868
-0.00156003
-0.00139234
-0.00686874
0.00159421
-0.0013223
-0.00201427
-0.00731237
0.00208029
-0.000814986
-0.00312441
-0.00779633
0.00221401
-0.00123527
-0.00424941
-0.00740789
0.00154326
-0.00228173
-0.00327937
-0.00772204
0.0019593
-0.00210979
-0.00409021
-0.0071935
0.000418265
-0.00307771
-0.00450413
-0.00896378
0.00186803
-0.00372936
-0.00508148
-0.00915482
-6.78182e-05
-0.00324328
-0.00388856
-0.00860081
-0.00032678
-0.0036487
-0.00422182
-0.00892345
2.55778e-05
-0.00400318
-0.00611459
-0.0092285
-0.00185234
-0.00364384
-0.00586836
-0.00904383
-0.00123041
-0.004287
-0.00394313
-0.0101285
-0.000848332
-0.00295692
-0.00661122
-0.0097315
-0.00257185
-0.00580462
-0.0060275
-0.01109
-0.00235322
-0.00671948
-0.00560297
-0.011436
-0.00126439
-0.00415966
-0.00747522
-0.00983559
-0.00189694
-0.0065922
-0.00780847
-0.0118882
-0.00367995
-0.00670258
-0.00622074
-0.0118203
-0.00143632
-0.00549905
-0.00735635
-0.0111127
-0.00170305
-0.00502498
-0.00625611
-0.0108516
-0.00303607
-0.00630374
-0.00778534
-0.0118629
-0.00347214
-0.00491978
-0.00819713
-0.01254
-0.00385634
-0.00588346
-0.00733958
-0.0123944
-0.003698
-0.00717229
-0.00774752
-0.0121838
-0.00347041
-0.00661191
-0.00813172
-0.0120692
-0.00338551
-0.00736757
-0.00694729
-0.0127676
-0.00379518
-0.00832063
-0.00764776
-0.0126517
-0.00366872
-0.0076147
-0.00704796
-0.0127557
-0.00382367
-0.00629867
-0.0091621
-0.0127982
-0.00328452
-0.00758286
-0.0085996
-0.0138446
-0.00370268
-0.00689513
-0.00907083
-0.0136748
-0.00570645
-0.00858687
-0.0105354
-0.0154706
-0.00578287
-0.00874394
-0.00990715
-0.0142989
-0.00652366
-0.00969064
-0.0118494
-0.0145982
-0.00641753
-0.00832578
-0.0115373
-0.015721
-0.00626258
-0.00886918
-0.0101428
-0.0145982
-0.00807956
-0.00986894
-0.0111089
-0.016424
-0.00673843
-0.00955305
-0.0117572
-0.0153424
-0.0068582
-0.0101801
-0.010645
-0.0152129
-0.00555915
-0.00877919
-0.0115726
-0.0162509
-0.00649099
-0.00965371
-0.0118103
-0.015232
-0.00724367
-0.0110007
-0.0109328
-0.0164729
-0.00791655
-0.0106059
-0.0117415
-0.017046
-0.00691679
-0.0100986
-0.012147
-0.0148491
-0.008184
-0.0104276
-0.0110262
-0.0167679
-0.00746655
-0.0117925
-0.0112576
-0.0161672
-0.00840051
-0.0106781
-0.0129918
-0.0165217
-0.0068149
-0.0102408
-0.0116036
-0.0163625
-0.00622905
-0.0110708
-0.0126033
-0.0162925
-0.00766183
-0.0112045
-0.0119559
-0.0165727
-0.00819461
-0.0108394
-0.0112597
-0.015454
-0.00814367
-0.0107375
-0.0125184
-0.0166958
-0.00725853
-0.0109371
-0.0118604
-0.0178866
-0.00886324
-0.0107163
-0.0138642
-0.0170885
-0.00849178
-0.0129875
-0.0118413
-0.0167467
-0.00712268
-0.0114826
-0.0121618
-0.0158594
-0.00779556
-0.0120323
-0.0128262
-0.0184554
-0.00935357
-0.0116566
-0.0144543
-0.0170906
-0.00846843
-0.0111493
-0.0131488
-0.0178823
-0.00871041
-0.0121958
-0.0131077
-0.0188452
-0.00745936
-0.0124921
-0.0148992
-0.0184504
-0.0090271
-0.0130792
-0.0128478
-0.0178658
-0.00869809
-0.0114724
-0.0131596
-0.0176171
-0.00935372
-0.0117884
-0.0141275
-0.0180586
-0.00841552
-0.013062
-0.014187
-0.0200072
-0.00890372
-0.0123339
-0.0129707
-0.0184068
-0.00839854
-0.0128646
-0.0136839
-0.0178803
-0.0103832
-0.0115853
-0.012515
-0.0192395
-0.00927798
-0.0136442
-0.0130924
-0.0193011
-0.0101058
-0.0133428
-0.0146461
-0.0184287
-0.0100251
-0.0113964
-0.013882
-0.0178428
-0.00938623
-0.0127039
-0.0140624
-0.0192565
-0.00967491
-0.0131624
-0.0149242
-0.0196449
-0.00947113
-0.0144232
-0.0143405
-0.0191312
-0.00913151
-0.0116999
-0.0144487
-0.0206086
-0.0088492
-0.013519
-0.0141431
-0.0192162
-0.0100825
-0.0136085
-0.0147611
-0.0175119
-0.0103501
-0.0130522
-0.0136083
-0.018951
-0.0112912
-0.0140018
-0.0138662
-0.0191643
-0.0104106
-0.0137368
-0.0141868
-0.0191665
-0.00986083
-0.0132549
-0.013412
-0.0183223
-0.00900178
-0.0131133
-0.0140982
-0.0178086
-0.010182
-0.0123088
-0.0142765
-0.0186131
-0.0111584
-0.0134678
-0.0151213
-0.0197614
-0.00953244
-0.0122579
-0.0155989
-0.0188105
-0.0109716
-0.0141195
-0.0160617
-0.0191183
-0.00934352
-0.0131282
-0.0145546
-0.0191522
-0.00825461
-0.0119777
-0.0140027
-0.0176282
-0.0092098
-0.0127737
-0.0136334
-0.0187383
-0.00975107
-0.0134657
-0.0140664
-0.0195152
-0.00837348
-0.0128353
-0.0145206
-0.0176239
-0.0100758
-0.0122664
-0.0124893
-0.017227
-0.00761994
-0.0124447
-0.0128692
-0.0186874
-0.00892749
-0.0118053
-0.0135395
-0.0180735
-0.00934095
-0.0126968
-0.0131214
-0.0178739
-0.00884213
-0.0126523
-0.0137582
-0.0172732
-0.00869567
-0.012419
-0.0130104
-0.0176802
-0.00967571
-0.0119406
-0.014492
-0.0166337
-0.00900708
-0.0124054
-0.0139019
-0.0178054
-0.0101278
-0.0129255
-0.0140696
-0.018145
-0.00876197
-0.0113431
-0.0142044
-0.0183393
-0.00855183
-0.0142235
-0.0133363
-0.0182671
-0.00931386
-0.0115363
-0.0134657
-0.0187893
-0.00996975
-0.0122473
-0.0135676
-0.0180485
-0.0100929
-0.0133851
-0.0127844
-0.0176473
-0.00996338
-0.0131877
-0.0137289
-0.0163419
-0.0100738
-0.0122282
-0.013079
-0.0184598
-0.00898013
-0.0121683
-0.0132445
-0.0177445
-0.00861079
-0.0119561
-0.0135035
-0.0178421
-0.0087997
-0.012336
-0.0128582
-0.0179164
-0.00867659
-0.0132042
-0.0122702
-0.0169273
-0.00870418
-0.0135183
-0.0125462
-0.0178846
-0.00756645
-0.0123763
-0.0128561
-0.0175747
-0.00937918
-0.012162
-0.0130747
-0.0175535
-0.00946197
-0.0120328
-0.0120986
-0.0182076
-0.00867692
-0.0109121
-0.0129944
-0.0182415
-0.00767716
-0.0116231
-0.011396
-0.0181333
-0.00749461
-0.0114894
-0.0113026
-0.0174392
-0.00872968
-0.0116313
-0.0128285
-0.018462
-0.00874666
-0.011886
-0.012941
-0.0178485
-0.00820751
-0.012346
-0.0125094
-0.0175868
-0.00887336
-0.0112868
-0.0131462
-0.017521
-0.00866959
-0.0127005
-0.0129594
-0.0158823
-0.0066552
-0.0114078
-0.0121401
-0.0167887
-0.00830449
-0.0106542
-0.0115309
-0.015863
-0.00645543
-0.0119594
-0.0117981
-0.0173721
-0.00743821
-0.0100979
-0.0112887
-0.0160816
-0.00796675
-0.0113545
-0.0123988
-0.0154554
-0.00808774
-0.0104587
-0.0127006
-0.0173046
-0.00748316
-0.0103806
-0.0104824
-0.0159886
-0.00687184
-0.0110195
-0.011064
-0.0159546
-0.00775273
-0.0102362
-0.0111808
-0.0163515
-0.00734943
-0.011478
-0.0120744
-0.0152902
-0.00619047
-0.0100749
-0.0102808
-0.016965
-0.00697281
-0.00921432
-0.0131348
-0.0161787
-0.00716173
-0.00992752
-0.0113964
-0.015786
-0.00697069
-0.00938201
-0.0122752
-0.0158306
-0.00709207
-0.00922532
-0.00961589
-0.0153406
-0.00572934
-0.0088199
-0.00942697
-0.0152783
-0.00582832
-0.00994623
-0.0101903
-0.0138965
-0.006567
-0.00978067
-0.00991439
-0.0166028
-0.00674318
-0.00944954
-0.00961095
-0.0144951
-0.00664139
-0.00912062
-0.0100376
