0.00014357
0.000124336
0.000113651
0.000130651
9.64578e-05
9.43207e-05
7.9361e-05
0.00011972
0.000102623
7.69461e-05
7.68713e-05
9.68424e-05
0.000105391
7.11973e-05
4.55522e-05
8.82941e-05
0.000119838
7.71705e-05
9.64043e-05
4.93883e-05
7.50334e-05
9.93108e-05
6.93915e-05
0.000101448
6.29802e-05
5.05423e-05
2.30165e-05
0.000112774
4.07437e-05
4.28808e-05
5.14292e-05
7.0663e-05
4.50179e-05
4.40241e-06
4.50072e-05
7.06523e-05
9.06769e-05
1.80157e-05
6.07576e-05
3.93867e-05
9.49511e-05
6.28947e-05
6.9306e-05
0.000116322
6.50318e-05
5.22092e-05
7.57173e-05
5.43463e-05
5.93578e-05
6.57691e-05
7.21804e-05
7.21804e-05
0.000114922
3.37127e-05
5.06385e-05
7.20094e-05
4.67169e-05
2.42881e-05
1.78768e-05
6.27558e-05
4.23679e-05
6.55447e-05
4.75931e-05
7.53753e-05
9.50687e-05
3.523e-05
5.6601e-05
5.23268e-05
3.73671e-05
7.44777e-06
5.03072e-05
4.81915e-06
6.03836e-05
4.96981e-05
6.18582e-05
4.04873e-05
7.46808e-05
0.000100123
3.4482e-05
4.94417e-05
7.08126e-05
4.94417e-05
6.65384e-05
3.40225e-05
0.000113095
0.000107058
0.000124155
0.000158348
0.000231009
0.000115606
0.000211775
0.000154074
0.000164107
0.000187616
0.000142961
0.000108767
0.000181429
0.000153646
0.000164332
0.000174451
0.000141262
0.000139125
0.000130865
0.000139413
0.000186429
0.000111631
0.000145825
9.66715e-05
9.30064e-05
0.000101555
0.000114377
0.000101555
0.000114377
6.92419e-05
9.27499e-05
0.000122883
0.000103649
4.8512e-05
6.9883e-05
8.92344e-05
9.35086e-05
8.49602e-05
5.29038e-05
3.5807e-05
0.000111417
6.65384e-05
6.44013e-05
8.19683e-05
4.99118e-05
0.000105476
5.92616e-05
3.36165e-05
5.49874e-05
9.55281e-06
1.81012e-05
3.30609e-05
-5.40685e-06
1.80584e-06
1.24913e-05
-2.59871e-05
-2.47903e-06
7.81108e-06
2.70449e-05
-1.14228e-05
3.07742e-06
1.80371e-05
3.29967e-05
-9.74515e-06
-1.19677e-06
2.65855e-05
-9.74515e-06
-1.31966e-05
7.23407e-06
-3.76449e-05
3.87883e-06
-1.10808e-05
6.50745e-06
3.84677e-05
9.83064e-05
0.000130363
0.000122146
0.000132831
0.000143046
0.000185788
0.000136635
0.000149458
0.000116953
0.000168243
0.000142598
0.000121227
0.00011909
0.000127638
0.000121227
7.20735e-05
9.55602e-05
0.000131891
0.000144884
0.000102142
0.000127788
0.000170529
0.000187626
0.000234642
0.000262425
0.00035432
0.00040265
0.000409061
0.000466047
0.000495069
0.000463386
0.000467276
0.000504536
0.000501758
0.000470919
0.000470289
0.000427804
0.000493851
0.000416541
0.000463173
0.000483988
0.000323449
0.000400833
0.000280996
0.000329305
0.000231544
0.000279414
0.000612566
0.000476775
0.00083195
-0.00107434
0.00287465
-2.73976e-05
0.000691649
-0.00385285
0.00375202
-0.000834407
0.000816071
-0.00403848
0.00403323
-0.00109613
0.000139574
-0.00388786
0.00425093
-0.00052377
0.000744062
-0.00316416
0.00507404
-0.000156927
0.000238436
-0.00335402
0.00368228
0.000512251
0.000322049
-0.00241557
0.00379269
0.000698178
0.00117944
-0.00233394
0.00353877
-0.000243885
0.000277566
-0.00278916
0.00388071
-0.000297313
0.000884501
-0.00304348
0.00421623
-0.000173361
0.000752001
-0.00453517
0.00331224
-0.000949126
0.000463493
-0.00352433
0.00400595
-0.00118719
0.000693455
-0.0032965
0.00299938
-0.000793963
0.00160386
-0.00349525
0.0030725
-3.69717e-05
0.0016321
-0.00220826
0.00486552
0.000364802
0.00126879
-0.00312507
0.00466464
0.00101448
0.00174964
-0.00347769
0.00393375
0.000221617
-2.62863e-05
-0.00247326
0.00420302
-0.000714431
-5.83427e-05
-0.00388588
0.00321782
-0.00191762
-0.000299834
-0.00409104
0.00446375
0.000401133
-0.000306246
-0.00318064
0.00377561
-0.000970882
0.0017069
-0.00241983
0.00501726
-0.000532778
0.00109783
-0.00264423
0.00411113
-0.000239996
0.00174323
-0.00261217
0.00321569
-0.000417375
0.00122391
-0.00386878
0.00364097
-0.000936689
0.000450286
-0.00479842
0.00378629
-0.00139403
-0.000308383
-0.00494374
0.0029229
-0.0014902
0.000665534
-0.00544228
0.00324073
-0.0012835
-0.000274788
-0.0040724
0.00276416
-0.000635957
-0.00128991
-0.0028222
0.00321722
-0.00186692
-4.61185e-05
-0.00486527
0.00343093
-0.00205499
-0.000413699
-0.00365781
0.00271714
-0.000783416
0.000148357
-0.00369628
0.00320654
-0.000274788
0.000351381
-0.00290341
0.00385408
-9.95459e-05
0.00110578
-0.00432672
0.0037921
-0.000638094
0.000590736
-0.0031791
0.00404001
-0.000294021
0.000400534
-0.00427543
0.00383698
-0.000529102
-0.000195715
-0.00271321
0.00482432
-0.000828295
0.000565091
-0.00424337
0.00349932
-0.000633478
-0.000475333
-0.00321509
0.00487809
-0.000268034
0.000945835
-0.00359549
0.0046195
0.000858214
0.00100995
-0.00178323
0.00453188
-0.000336421
0.00130273
-0.00283041
0.00381382
-0.00183239
0.00035386
-0.00258892
0.00257644
3.36272e-05
0.00148044
-0.00300105
0.0038804
0.000159716
0.000890602
-0.00402258
0.0035983
-0.000159481
0.00133435
-0.00370706
0.00420874
-0.000860448
0.000815034
-0.00375621
0.00377277
-0.000640327
0.000265801
-0.00384338
0.00439298
-0.000409072
-6.92739e-05
-0.00388826
0.0050277
-0.000804434
0.000665887
-0.00413403
0.00407883
-0.00103951
0.000142298
-0.00323217
0.00342274
-0.000438991
-0.000214596
-0.0032108
0.00401258
-0.00116988
-0.00134512
-0.00368524
0.00401044
-0.000731773
0.000725725
-0.00296717
0.00376467
-0.00113568
9.10082e-05
-0.00312318
0.00331588
-0.00195205
-0.00043258
-0.00420669
0.00375185
-0.000534348
-0.000609147
-0.00409902
0.00365649
-0.000468099
0.000771416
-0.00321427
0.0040198
4.19939e-06
0.000666699
-0.00269068
0.00510331
0.00113045
0.00115803
-0.00338116
0.00431452
0.000664359
0.00119008
-0.00312685
0.00320109
-0.000688422
-0.000252284
-0.00337031
0.0061761
-0.000228573
0.00121397
-0.00314784
0.00296852
-0.000491436
0.000348443
-0.00274821
0.00422727
0.000256548
0.00165634
-0.00278026
0.00472735
-0.000812
0.00108574
-0.00236567
0.00477223
-0.000739339
0.000660458
-0.00386591
0.00530437
-0.000346113
0.0022184
-0.00321409
0.00449868
0.00051941
0.00176534
-0.00281873
0.00431916
-3.40973e-05
0.00121397
-0.00215196
0.00474017
-5.33312e-05
0.000735257
-0.00203869
0.00465469
-5.24336e-05
0.000584421
-0.00172578
0.00461712
-0.000505498
8.43404e-05
-0.0032538
0.00451454
5.86953e-05
0.000419864
-0.00261481
0.00472611
-0.000432836
0.00187095
-0.00252291
0.00428801
-0.000340941
0.000708372
-0.00193735
0.00428159
0.00040063
7.15179e-05
-0.00349957
0.00445042
-0.000620901
0.00136446
-0.00163388
0.00458934
-0.000285377
-0.000492675
-0.00222158
0.00434357
-0.000392232
0.0010097
-0.00412146
0.00257406
-0.00048199
0.000221114
-0.00328158
0.00346522
-0.00138384
0.0006293
-0.00321747
0.00367893
-0.00073203
0.000601849
-0.00347458
0.0033513
-0.000450596
0.000547427
-0.00290612
0.00385351
-0.000264668
0.00111803
-0.00390628
0.0045267
0.000169162
0.000737629
-0.0036135
0.00423392
-0.0011943
0.00142577
-0.00347458
0.0035244
-0.00208334
0.000402105
-0.00279285
0.00398601
-0.000856644
0.00029525
-0.00343612
0.00274436
-0.000482652
0.000421339
-0.00361136
0.00278497
-0.000946402
0.00099408
-0.00445979
0.0027123
-0.000619426
-0.00126483
-0.00431446
0.00342823
-0.00125347
0.000796004
-0.00345468
0.00248858
-0.00143299
0.000627173
-0.00360863
0.00436487
-0.000864604
0.00107801
-0.00279654
0.00374083
-0.000817588
4.15237e-05
-0.00386509
0.00569628
-0.000612427
0.000545878
-0.00312565
0.00453583
-0.000736379
0.000684789
-0.00274738
0.00466406
0.000223177
0.00133019
-0.00161686
0.00465337
-0.000785532
0.00177471
-0.00230501
0.00421313
-0.000439323
0.00119983
-0.00299101
0.00514277
0.000539467
0.00174906
-0.00292049
0.0046897
0.000740354
0.00136225
-0.00311283
0.00554668
-0.000456419
0.00174693
-0.00319831
0.00388402
-0.000120895
0.00221922
-0.00305085
0.00465359
0.000323834
0.00134109
-0.00286257
0.00501048
-0.000287375
0.00138383
-0.00265741
0.00433943
0.0008346
0.00242246
-0.00249286
0.00470702
-0.000597254
0.000689277
-0.0039012
0.00434798
-0.000240359
0.00172149
-0.00324511
0.00413
-0.000229674
0.000462745
-0.00281983
0.00421548
-0.000971245
0.000971374
-0.00137302
0.00340339
0.000663632
-0.000385681
-0.0028177
0.00434371
-0.000612213
9.73019e-05
-0.00205133
0.00381072
-0.00105758
0.0012462
-0.00353448
0.00362906
-0.00048698
0.000654229
-0.00258347
0.00416548
-0.000489117
0.000756809
-0.0033229
0.0046912
-0.000322423
0.00163943
-0.00219024
0.00540926
-0.000587423
0.00173346
-0.00387641
0.00497116
0.000418838
0.00126727
-0.00275261
0.00419508
8.33146e-05
0.00074154
-0.00316721
0.00371424
-0.000109024
0.00026812
-0.00276014
0.00343743
-0.00201216
0.000165539
-0.00327305
0.00431578
-0.000986355
0.00102038
-0.00388639
0.00321731
-0.000422162
0.000159128
-0.00491647
0.00375586
-0.000689298
-0.000685024
-0.00292256
0.00394606
0.00031941
-0.000193493
-0.00321688
0.00435698
0.000104162
0.000935492
-0.00376612
0.00336537
-0.000237773
0.00153174
-0.00390716
0.00514557
-0.000955837
0.000302912
-0.00309934
0.00416678
-0.000536966
0.00171126
-0.00283007
0.00430355
-0.000878902
0.000533718
-0.00381313
0.00470105
-0.000421563
0.000108436
-0.00299035
0.00432065
-0.000297612
0.00112356
-0.00313567
0.00458138
0.000946177
0.000315734
-0.00408454
0.00483996
7.99273e-06
0.0011086
-0.00199233
0.00346367
-0.00192608
0.000867105
-0.0036037
0.00485065
0.000903435
0.00163218
-0.00308225
0.00271997
-7.10798e-05
0.00123682
-0.00254156
0.00362823
0.000640573
0.00153602
-0.0039164
0.00389896
-0.000975755
0.000971139
-0.00398051
0.00372372
-0.00031753
0.000897697
-0.00326619
0.0038653
-0.000346915
0.000377561
-0.00267421
0.00348917
-0.000812801
0.000300625
-0.00269344
0.00326264
-0.00143256
9.5464e-05
-0.00337304
0.00416877
-0.0010607
0.000321996
-0.00319139
0.00415594
-0.00120816
0.00085627
-0.00381542
0.00366655
-0.00043881
0.000631875
-0.0032726
0.00374348
-0.000829898
0.00185429
-0.00389663
0.00392941
0.000281391
-0.000396068
-0.00352905
0.00451498
-0.00120389
0.00166409
-0.00367865
0.0042799
-0.000605503
0.0012901
-0.00345639
0.00352978
-0.000210141
0.00110204
-0.00224679
0.00519671
-0.00082135
0.00130933
-0.00243913
0.00497445
-0.000528568
0.00140978
-0.00302256
0.00521381
0.00116829
0.0018607
-0.00249256
0.00461542
-0.000451632
0.00197183
-0.00234082
0.00545102
0.000529294
0.00207228
-0.00229381
0.00492957
0.000999455
0.00117256
-0.00222328
0.00529715
0.000242924
0.00147816
-0.00277252
0.00376058
-0.000603366
0.00225607
-0.00265498
0.00469449
0.000960987
0.00153373
-0.00184502
0.00459619
0.000931068
0.00135849
-0.00236006
0.00495735
0.000499375
0.000766512
-0.00281526
0.00497018
0.000172399
0.000339093
-0.00296058
0.00494026
0.000279254
0.00137772
-0.00417873
0.00404909
-0.000252882
0.00059127
-0.00132998
0.00506848
-0.000902559
0.00103792
-0.00275542
0.00467098
0.000121109
-2.42133e-05
-0.00396502
0.00349344
0.000366875
0.000394657
-0.00246264
0.00404268
-0.000133205
0.00159143
-0.00419796
0.00430127
-0.00147316
-0.00012252
-0.00417445
0.00451711
-0.00137699
0.00122599
-0.0030482
0.00520526
-0.000526431
0.00133925
-0.0027255
0.00398284
-4.131e-05
0.000884052
-0.0036701
0.00497231
-0.000272116
0.00270058
-0.00261223
0.00530143
-3.91729e-05
0.000433125
-0.00222969
0.005248
-0.000921793
0.00226889
-0.003123
0.00430127
-0.00122526
0.00135849
-0.00245836
0.00480348
-0.000635422
-9.47374e-05
-0.00393723
0.00488042
-4.98584e-05
0.000307036
-0.00368933
0.0036409
-0.000735866
-3.27617e-05
-0.00390518
0.00317502
9.98023e-06
0.000251472
-0.00464675
0.00327974
-0.00155437
-0.000996591
-0.00384534
0.00229881
-0.00145607
-0.00027639
-0.00283449
0.00367082
-0.000163124
-0.000216552
-0.00265498
0.00354046
-0.000825624
0.00123667
-0.00265498
0.00460473
0.000990907
0.00170256
-0.00273191
0.00561772
-0.000432398
0.000681028
-0.00219123
0.00466244
0.00051006
0.00109776
-0.00248401
0.00515183
-0.000447358
0.000537843
-0.00368078
0.00362594
-0.000359737
0.000845584
-0.00286227
0.00423288
-0.000846995
0.00328187
-0.0030076
0.00443163
0.000133932
0.00162135
-0.000985906
0.00641272
0.00400207
0.00741501
0.00626526
0.0204299
0.0262471
0.0454104
0.0700554
0.127045
0.211035
0.404017
0.863039
1.90841
3.57401
5.60557
7.57787
9.57941
10.7376
11.5571
12.0721
12.3783
12.5063
12.5121
12.4199
12.2813
12.0796
11.8567
11.6037
11.3464
11.0664
10.7812
10.49
10.2125
9.92642
9.65023
9.37996
9.13355
8.90197
8.70994
8.51603
8.30919
8.0711
7.83148
7.56658
7.33633
7.10208
6.88403
6.6657
6.47178
6.26487
6.07555
5.88659
5.71665
5.54234
5.37715
5.21283
5.06289
4.90381
4.75602
4.61005
4.47847
4.33884
4.21125
4.08194
3.97126
3.84487
3.72661
3.61043
3.50714
3.3979
3.29876
3.19597
3.10937
3.013
2.92436
2.83287
2.75561
2.66969
2.59052
2.51065
2.44275
2.36524
2.29604
2.22338
2.16422
2.09403
2.03319
1.96858
1.91823
1.85581
1.80286
1.74483
1.70074
1.648
1.60024
1.54929
1.51082
1.46283
1.42075
1.37596
1.34409
1.30155
1.26572
1.22459
1.19852
1.16019
1.12566
1.09072
1.06819
1.03199
1.00339
0.970644
0.951754
0.920566
0.895066
0.86495
0.849866
0.818385
0.798589
0.770796
0.758106
0.730001
0.712004
0.687468
0.674798
0.650826
0.6338
0.61164
0.603179
0.579663
0.566028
0.545352
0.538229
0.517896
0.505691
0.486007
0.479779
0.463903
0.450236
0.435048
0.42988
0.411973
0.402517
0.387217
0.385102
0.369798
0.359313
0.345604
0.344698
0.330986
0.323897
0.310449
0.309064
0.297938
0.289903
0.279428
0.279877
0.268476
0.263062
0.251905
0.253578
0.242734
0.237462
0.229732
0.231718
0.221917
0.216798
0.207957
0.211971
0.200591
0.198684
0.188307
0.192299
0.185452
0.182757
0.173734
0.177207
0.169428
0.166641
0.160054
0.163023
0.157302
0.154703
0.148343
0.152786
0.145392
0.143432
0.136132
0.141483
0.132888
0.134879
0.129011
0.131905
0.128026
0.125196
0.119225
0.123722
0.120866
0.117116
0.112017
0.118655
0.112641
0.111916
0.107875
0.113671
0.107272
0.107108
0.101735
0.108337
0.102575
0.103503
0.0986193
0.104347
0.0983137
0.099925
0.0934069
0.100442
0.0952961
0.0954799
0.090712
0.0983671
0.0934112
0.0922742
0.0883783
0.0955825
0.0901991
0.0913425
0.085365
0.0929196
0.0882373
0.0884403
0.0827642
0.0890921
0.0863203
0.0857561
0.0810737
0.0868097
0.083869
0.0835271
0.0794409
0.0864485
0.0822128
0.082185
0.0779407
0.0866558
0.0791097
0.0812062
0.0756198
0.0820589
0.0787229
0.0791482
0.0748996
0.0811357
0.0760537
0.0774855
0.0754681
0.0803471
0.0751432
0.0772697
0.0719846
0.0779364
0.0747586
0.0753484
0.0712772
0.0786524
0.073237
0.075934
0.0703647
0.0768636
0.0712927
0.0731049
0.0685657
0.0767807
0.0716581
0.0718782
0.0675934
0.0760862
0.0713995
0.0729852
0.0686192
0.0742504
0.0710896
0.0719744
0.0661423
0.074041
0.0699206
0.06938
0.0668796
0.0735794
0.0682366
0.0689333
0.0653195
0.0711196
0.068399
0.0701792
0.0644518
0.0724189
0.0674737
0.0703374
0.0641163
0.0709657
0.0664457
0.0685871
0.0645223
0.0716538
0.0656187
0.0675271
0.0629195
0.0709315
0.0654392
0.0677836
0.0615903
0.0695338
0.064845
0.0642146
0.0616159
0.0681148
0.0639753
0.0648087
0.062443
0.0674032
0.0633918
0.064439
0.0595066
0.0676841
0.0639207
0.0653311
0.0597426
0.067449
0.0640895
0.0636535
0.059935
0.0662159
0.0611339
0.0638801
0.0592233
0.0663122
0.0616362
0.0637242
0.059029
0.0655129
0.0607279
0.0614503
0.0570735
0.0663207
0.0608711
0.0614417
0.0586272
0.0648483
0.0586678
0.0614481
0.0561038
0.0635601
0.0588948
0.0614038
0.0572856
0.0645859
0.0612392
0.0606408
0.0567193
0.0639084
0.0599356
0.059739
0.05698
0.0644043
0.0598635
0.060682
0.0569464
0.0652896
0.0574401
0.0592545
0.0546576
0.0643194
0.0584701
0.0610667
0.0557966
0.0624494
0.059404
0.0596776
0.0562989
0.0643963
0.0593677
0.0608808
0.0573909
0.0652362
0.0599597
0.0615027
0.0567626
0.064283
0.0618232
0.0623896
0.0576623
0.0653879
0.0596605
0.0623874
0.0589424
0.0648237
0.0597973
0.0608765
0.0575683
0.0656999
0.0610817
0.0616929
0.0573375
0.0650182
0.0610517
0.0626742
0.0587526
0.0658499
0.0613064
0.0611141
0.0566818
0.0651126
0.0598169
0.061503
0.056483
0.0645719
0.059445
0.0620181
0.056872
0.0630567
0.0602251
0.0611055
0.0566903
0.0637833
0.0602571
0.0613363
0.0559252
0.064683
0.0598382
0.0612038
0.0565407
0.0653755
0.0600455
0.0612637
0.0571925
0.0646339
0.0583957
0.0606674
0.0577546
0.0627703
0.0592954
0.0596763
0.0558295
0.0642817
0.0581675
0.0595246
0.0551008
0.0621169
0.0585308
0.0598793
0.055665
0.0623477
0.0570926
0.0588364
0.0542224
0.0618049
0.0576888
0.0588599
0.0548678
0.0618455
0.0573682
0.0590758
0.0534638
0.0613219
0.0570861
0.0568635
0.0532326
0.0611399
0.056684
0.0572845
0.0520316
0.0598961
0.0562138
0.0560236
0.0521512
0.0606932
0.0547777
0.0564831
0.051478
0.0587634
0.0551688
0.0562673
0.0522239
0.057806
0.0538246
0.0547606
0.0502749
0.0584792
0.0520978
0.0538353
0.0495504
0.0574705
0.0512604
0.0534766
0.0492387
0.0559984
0.0509078
0.0526923
0.0485591
0.0557398
0.0526474
0.052329
0.0484908
0.0553017
0.0518609
0.051472
0.0469841
0.0540579
0.0513203
0.0507368
0.0460801
0.0542524
0.0500273
0.0505402
0.0464712
0.0537266
0.0486211
0.0505872
0.0456741
0.0526431
0.0483561
0.0498158
0.0451612
0.0523589
0.0484544
0.0487793
0.0457083
0.051628
0.0481787
0.0492494
0.0449581
0.053077
0.0477321
0.0499995
0.045704
0.0528504
0.0474778
0.0484053
0.0444602
0.0514207
0.0483241
0.0489246
0.0441482
0.052017
0.0472384
0.0483882
0.0438041
0.0507839
0.0468644
0.0474137
0.0433083
0.0506065
0.0452466
0.0480655
0.0423487
0.0498521
0.0460245
0.0479757
0.0434558
0.050536
0.0457275
0.046157
0.0429578
0.0499226
0.0452146
0.0470204
0.0434771
0.0510724
0.0457571
0.0481379
0.0429618
0.0502643
0.0457636
0.0475352
0.042154
0.0495654
0.0452421
0.0465564
0.0419253
0.0492107
0.0447741
0.0457272
0.0419574
0.0490376
0.0435388
0.0458896
0.0420899
0.0489478
0.0446843
0.0474219
0.0424724
0.0487726
0.0455285
0.0459922
0.0418719
0.0493688
0.044695
0.0457776
0.0406892
0.0492375
0.0444996
0.045519
0.0416765
0.0485344
0.0438585
0.0443393
0.0405738
0.0479104
0.0429267
0.0449142
0.0401079
0.0471624
0.0432644
0.0440807
0.0396527
0.0470171
0.0419672
0.0448266
0.0399818
0.0463033
0.0411657
0.043181
0.0383768
0.0456515
0.0398771
0.0427151
0.0376459
0.0436533
0.0401143
0.0412811
0.0376716
0.0445979
0.0397916
0.040967
0.0372655
0.0442197
0.0386376
0.0400053
0.0348314
0.0435251
0.0367868
0.0393278
0.0343078
0.0419522
0.0379986
0.0373147
0.0344702
0.0423476
0.0378618
0.0385948
0.0340706
0.0416466
0.0364428
0.0381268
0.0334359
0.0403323
0.0354554
0.0376246
0.0321087
0.039127
0.0361372
0.0363274
0.0306576
0.0381182
0.0335897
0.0349724
0.0309974
0.0375455
0.0318181
0.0344232
0.0283133
0.0371437
0.0320874
0.033267
0.028621
0.0350814
0.0316279
0.0321686
0.0268707
0.034981
0.0306641
0.0312261
0.0271977
0.0348399
0.0303371
0.0310167
0.0259047
0.034201
0.0289202
0.0297665
0.0249281
0.0315488
0.0283047
0.0297387
0.0241887
0.032331
0.0268173
0.0281038
0.0236458
0.0316001
0.0264793
0.0279518
0.0224893
0.0301359
0.0261822
0.0284989
0.0229659
0.0299328
0.0253872
0.0265584
0.0225299
0.0288322
0.0250132
0.02596
0.0217756
0.0280116
0.0243379
0.0249641
0.0221153
0.029608
0.0234639
0.025757
0.0213695
0.0280351
0.0228847
0.024432
0.0210105
0.0272807
0.0234831
0.0251222
0.0200702
0.0279667
0.0219444
0.0233014
0.0192987
0.0275243
0.0223504
0.0231155
0.0188947
0.0260925
0.0207433
0.0229574
0.0189097
0.025071
0.0206237
0.0217991
0.0178657
0.0247129
0.020693
0.0223707
0.0179661
0.0251168
0.0201459
0.0209538
0.0165727
0.0241466
0.0194728
0.0203297
0.0156174
0.0232276
0.0185089
0.0197613
0.0152798
0.0221591
0.0181563
0.0184576
0.0145297
0.0214966
0.017325
0.0196523
0.0152541
0.0204793
0.0168099
0.0177503
0.013117
0.0204131
0.0157179
0.0175745
0.0128301
0.0195406
0.0153711
0.016788
0.0116676
0.019671
0.0141295
0.0154075
0.0116676
0.0188076
0.0151061
0.0151596
0.00936789
0.0186749
0.0126355
0.0136335
0.00991285
0.0165186
0.012191
0.0137831
0.00921616
0.0171149
0.0129176
0.0127552
0.00798092
0.0162237
0.0116952
0.0122701
0.0083314
0.015106
0.00940849
0.0105347
0.00604685
0.0145461
0.0101095
0.0110455
0.00538435
0.0131399
0.00755136
0.00882507
0.0056066
0.0123748
0.00808563
0.00843184
0.00439701
0.0109579
0.00743382
0.00781209
0.00283907
0.010009
0.00651273
0.00747442
0.00267665
0.0095816
0.00510866
0.00685253
0.00245011
0.00884003
0.00413842
0.00527322
0.00146491
0.00793176
0.00356782
0.00567499
0.00171495
0.00732055
0.00186241
0.00407858
-0.000246899
0.00501677
0.00133241
0.00359346
-0.000896575
0.00523902
0.000740439
0.000597254
-0.00245452
0.00463636
0.000398504
0.0008131
-0.00327302
0.00365544
-0.000140044
0.000127093
-0.00416419
0.00270229
-0.000552503
0.000419875
-0.00497843
0.00206971
-0.0008346
-0.000287503
-0.00509597
0.00248645
-0.0022173
-0.00157831
-0.00617947
0.00216374
-0.00265968
-0.00158686
-0.00714971
0.00175342
-0.00351452
-0.00337988
-0.00699584
0.00103536
-0.00413427
-0.00309137
-0.00591875
0.000193343
-0.00614955
-0.00430524
-0.00672871
-0.000103713
-0.00556399
-0.0051152
-0.00852173
-0.000817503
-0.00575847
-0.00400177
-0.00894701
-0.00127484
-0.00615383
-0.00390133
-0.0105028
-0.00330081
-0.00612177
-0.00513443
-0.0103019
-0.00252504
-0.00726512
-0.00541226
-0.010163
-0.00346964
-0.00769467
-0.00598713
-0.010802
-0.00337774
-0.00762415
-0.00632052
-0.0102977
-0.00300589
-0.00825245
-0.00689113
-0.0111076
-0.00376242
-0.00885939
-0.00780367
-0.0104494
-0.0043373
-0.0086585
-0.00675863
-0.0120714
-0.00474976
-0.0105391
-0.00820971
-0.0137127
-0.0054208
-0.010131
-0.00903249
-0.0144842
-0.00611322
-0.00937443
-0.00923766
-0.0135033
-0.00740189
-0.0107358
-0.0102506
-0.0136294
-0.00695096
-0.0116013
-0.00941717
-0.015292
-0.00762201
-0.0117231
-0.0109837
-0.0152108
-0.00764766
-0.0118727
-0.0118812
-0.0152792
-0.0098681
-0.0121868
-0.0108683
-0.0156318
-0.00937443
-0.0145056
-0.0130908
-0.016367
-0.00977193
-0.0147791
-0.012407
-0.0178694
-0.00981467
-0.0143795
-0.0132682
-0.0175681
-0.00983604
-0.0166812
-0.013764
-0.0176215
-0.0104964
-0.0173479
-0.01551
-0.0189871
-0.0117958
-0.0169098
-0.014715
-0.0187819
-0.0125523
-0.0162815
-0.0159033
-0.0196282
-0.0123514
-0.0162516
-0.016991
-0.0203634
-0.0139072
-0.0181087
-0.0161041
-0.0210943
-0.0135717
-0.0179014
-0.0169932
-0.022338
-0.0145311
-0.0204209
-0.0181962
-0.022325
-0.0151594
-0.0193438
-0.0186941
-0.0233316
-0.0149221
-0.0201452
-0.0184847
-0.0233893
-0.0157513
-0.0209167
-0.0193331
-0.0227054
-0.0174845
-0.0207885
-0.0188629
-0.0238637
-0.0176149
-0.0213548
-0.020329
-0.0253448
-0.0176619
-0.0217245
-0.0218442
-0.0243125
-0.0173114
-0.02259
-0.0204465
-0.0257914
-0.0175465
-0.0229341
-0.020953
-0.0250349
-0.018271
-0.0221968
-0.0203611
-0.0253127
-0.0184077
-0.0220258
-0.0225836
-0.0263812
-0.0188758
-0.0233402
-0.0220323
-0.0256867
-0.0186343
-0.0236693
-0.0221199
-0.0260735
-0.0183992
-0.0236928
-0.0226584
-0.0265586
-0.0188843
-0.0220429
-0.0235774
-0.0262872
-0.0189249
-0.0236394
-0.0219318
-0.0272211
-0.0197605
-0.0251503
-0.0233273
-0.0279264
-0.0197092
-0.0246823
-0.0229192
-0.0268728
-0.0196708
-0.0245669
-0.0237441
-0.0276079
-0.0203824
-0.0255627
-0.0229662
-0.0277041
-0.020797
-0.0264411
-0.023774
-0.0261312
-0.0196921
-0.0257252
-0.0246502
-0.0287171
-0.0205064
-0.0260393
-0.024601
-0.0286081
-0.0212351
-0.0259068
-0.0244279
-0.0282768
-0.0224981
-0.0255264
-0.0258342
-0.030322
-0.0228871
-0.0268236
-0.0254217
-0.0295762
-0.0224746
-0.0271634
-0.0255756
-0.030337
-0.0227054
-0.0267531
-0.025458
-0.0288966
-0.0225174
-0.0274434
-0.0255136
-0.0302323
-0.0228807
-0.0270224
-0.0261932
-0.0309482
-0.0233915
-0.0282213
-0.0271506
-0.0305678
-0.0236693
-0.0277127
-0.0266826
-0.0305657
-0.0244515
-0.028482
-0.026315
-0.0309461
-0.0246823
-0.0281059
-0.027029
-0.0313737
-0.0245906
-0.0284331
-0.0271402
-0.030972
-0.0238875
-0.0285784
-0.0279202
-0.0318653
-0.0246846
-0.028128
-0.0278246
-0.0326416
-0.0251853
-0.0290919
-0.0283546
-0.0316158
-0.025057
-0.0290278
-0.0278737
-0.0323809
-0.0251801
-0.0298839
-0.0292962
-0.0316833
-0.0241265
-0.0291316
-0.0284499
-0.0331194
-0.0264859
-0.0312837
-0.0288345
-0.0324227
-0.0263128
-0.0302963
-0.0296039
-0.0338546
-0.0276463
-0.0308413
-0.0299715
-0.0320893
-0.0252891
-0.0313691
-0.0297385
-0.0337157
-0.0269304
-0.0306254
-0.0301574
-0.0341666
-0.0261632
-0.0303733
-0.0309417
-0.0344081
-0.0262914
-0.0309396
-0.0307173
-0.0336473
-0.0256994
-0.0306682
-0.0293068
-0.0337841
-0.0260435
-0.0310165
-0.0300335
-0.0355044
-0.0275822
-0.0312388
-0.0292235
-0.0344872
-0.0266782
-0.0310122
-0.0298817
-0.0337135
-0.0273386
-0.031196
-0.0302685
-0.0346154
-0.0264495
-0.0316683
-0.0295932
-0.0340811
-0.026191
-0.0307665
-0.0301275
-0.0342414
-0.0262187
-0.0309738
-0.0294073
-0.0332754
-0.0259807
-0.0315179
-0.0294385
-0.0340739
-0.0267543
-0.0306738
-0.0291436
-0.0343175
-0.0271775
-0.0306695
-0.0305178
-0.0344286
-0.0269894
-0.0311567
-0.0288018
-0.0335676
-0.0262502
-0.0305329
-0.0293596
-0.0332342
-0.0253077
-0.0307658
-0.0294558
-0.0331359
-0.0260215
-0.0308941
-0.0303085
-0.0332256
-0.0271221
-0.0303235
-0.0301418
-0.0331765
-0.0267716
-0.0305628
-0.0300157
-0.033153
-0.0255727
-0.0294665
-0.0279385
-0.0325375
-0.0249722
-0.02977
-0.0283851
-0.0320866
-0.0246516
-0.0295391
-0.0282505
-0.0326785
-0.0257009
-0.0295477
-0.0276649
-0.032717
-0.025203
-0.0300375
-0.0281868
-0.0319416
-0.0248337
-0.0283834
-0.0279196
-0.0316531
-0.0240087
-0.0288899
-0.0277935
-0.0312984
-0.0241647
-0.0292489
-0.0273041
-0.0312685
-0.02409
-0.0286933
-0.0282402
-0.0306701
-0.0243229
-0.0275414
-0.0268247
-0.0311395
-0.0232451
-0.029105
-0.0279082
-0.0304214
-0.0234374
-0.0286412
-0.0264165
-0.0304599
-0.0237045
-0.0286498
-0.0270833
-0.0312485
-0.0241939
-0.028045
-0.0266324
-0.0311716
-0.0231168
-0.0273504
-0.0266195
-0.0305582
-0.0222941
-0.0275406
-0.0257519
-0.031693
-0.022807
-0.026923
-0.0255061
-0.0299064
-0.0233391
-0.0270897
-0.0273141
-0.0303787
-0.023322
-0.0284254
-0.0272201
-0.0307869
-0.0239503
-0.0279274
-0.0262541
-0.0304321
-0.02407
-0.0274017
-0.0260703
-0.0298423
-0.0229972
-0.0269658
-0.0249077
-0.0298252
-0.0225377
-0.0264593
-0.0248244
-0.0304685
-0.0205823
-0.0263738
-0.0248287
-0.0291413
-0.020454
-0.0249761
-0.0252091
-0.0277266
-0.0209968
-0.0253351
-0.0238392
-0.0293037
-0.0205694
-0.0251257
-0.0251043
-0.0293166
-0.0212832
-0.024865
-0.0242004
-0.0287481
-0.0205395
-0.0249248
-0.023369
-0.0280386
-0.0190713
-0.0224843
-0.0226445
-0.0257369
-0.0181973
-0.0217491
-0.021358
-0.0252967
-0.0178254
-0.0223475
-0.0208152
-0.0255104
-0.0183853
-0.0227343
-0.0206528
-0.0249911
-0.0169257
-0.0211058
-0.0205993
-0.0250787
-0.0180327
-0.021576
-0.02008
-0.0240614
-0.0177933
-0.0209071
-0.0195244
-0.0241854
-0.0161585
-0.0193235
-0.0184729
-0.023946
-0.0142394
-0.0183832
-0.0179964
-0.0226039
-0.0154169
-0.0183169
-0.0177014
-0.0230634
-0.0144338
-0.0183575
-0.016915
-0.0209904
-0.0140769
-0.0187102
-0.0175818
-0.0222727
-0.0146304
-0.0185734
-0.0174343
-0.0210738
-0.0142308
-0.0189474
-0.0168338
-0.0206892
-0.0146775
-0.0180178
-0.0166394
-0.0196377
-0.0126387
-0.0177934
-0.01562
-0.0211102
-0.0132371
-0.0163231
-0.0153721
-0.0196911
-0.0126537
-0.0163808
-0.0148421
-0.019362
-0.0133461
-0.0159619
-0.0149062
-0.0177998
-0.0117091
-0.0160859
-0.0142031
-0.0190628
-0.0110594
-0.0147203
-0.013406
-0.0189987
-0.0102601
-0.0145279
-0.0136261
-0.0176588
-0.00955491
-0.0144574
-0.0129743
-0.0163612
-0.0105013
-0.0132411
-0.0122665
-0.0163612
-0.00884933
-0.0141942
-0.010871
-0.0161881
-0.00862067
-0.0131513
-0.0116404
-0.015173
-0.00801801
-0.0130466
-0.0116211
-0.0160385
-0.00805861
-0.0133244
-0.0107599
-0.0152713
-0.00860143
-0.0127709
-0.0112942
-0.0143203
-0.0078278
-0.0135146
-0.0104757
-0.0138352
-0.00837063
-0.0126405
-0.011213
-0.0150918
-0.00669728
-0.0121041
-0.0103752
-0.0147648
-0.00686397
-0.0114309
-0.0102555
-0.0141322
-0.00557958
-0.0111595
-0.00939857
-0.0142498
-0.00701357
-0.011775
-0.00933446
-0.0135809
-0.00578047
-0.0106188
-0.00890276
-0.0135894
-0.00606684
-0.00997986
-0.00961228
-0.0134847
-0.00573559
-0.0101209
-0.00853805
-0.0124767
-0.00581752
-0.00966216
-0.00844829
-0.0119702
-0.00534523
-0.00881801
-0.00720877
-0.0117864
-0.00431942
-0.00798668
-0.00638813
-0.0110662
-0.00371676
-0.00827091
-0.0062941
-0.00991647
-0.00207333
-0.00640736
-0.00580684
-0.00985236
-0.00262257
-0.00702712
-0.00563373
-0.0111496
-0.00222293
-0.00533881
-0.00465067
-0.00810208
-0.0015818
-0.00513152
-0.0040245
-0.00751224
-0.000985553
-0.00510373
-0.0040822
-0.00788623
3.5978e-05
-0.00437712
-0.00239176
-0.00830083
0.000536058
-0.00427668
-0.00359708
-0.00745454
-0.000577368
-0.00437712
-0.00336841
-0.00637103
0.000608719
-0.00427027
-0.00152624
-0.00582394
0.00152767
-0.00254991
6.58973e-05
-0.0046464
0.00151057
-0.00200922
-0.000806037
-0.0034368
0.00252356
-0.000955634
0.000805332
-0.00397107
0.00363057
-0.00120781
0.000640423
-0.00314896
0.00350382
-0.00037287
0.000593097
-0.00275146
0.00426685
0.000667981
0.0014352
-0.00185165
0.00538455
0.000823989
0.0028008
-0.000966148
0.00565457
0.00070506
0.00247457
-0.0012632
0.00604566
0.00120941
0.00317127
-0.00131022
0.00550711
0.0023378
0.00283574
-0.00109651
0.00646453
0.00168171
0.00312211
-1.94155e-05
0.00641965
0.000758487
0.00310502
-0.000615665
0.00650941
0.00206639
0.00456679
-4.93348e-05
0.00775747
0.00419066
0.00554558
0.000202842
0.00819344
0.00371623
0.00586401
0.00175865
0.00978771
0.00481469
0.00569304
0.00245748
0.00884098
0.00456465
0.00672312
0.00187832
0.00927481
0.00546223
0.00717191
0.00174796
0.0109909
0.00577639
0.00617602
0.00318623
0.0115765
0.00677868
0.00621022
0.00336361
0.0109695
0.00634485
0.00683852
0.00335506
0.0100484
0.0054259
0.00718046
0.0034726
0.0115936
0.00620167
0.00737066
0.00337215
0.0107729
0.00756727
0.00805453
0.00335328
0.0113075
0.00649909
0.00983509
0.00488131
0.0121709
0.007698
0.0100509
0.00496252
0.013684
0.00829211
0.00990775
0.00486421
0.0125043
0.00944187
0.0101856
0.00636018
0.0133057
0.0087815
0.0106814
0.00656747
0.0135237
0.00946965
0.0107711
0.00736461
0.0150752
0.0101343
0.0107434
0.00767235
0.0154877
0.0100573
0.0106515
0.00862336
0.0157057
0.0105467
0.0115939
0.00814038
0.0145645
0.0118653
0.0115362
0.00846308
0.0169025
0.0112456
0.013543
0.00932433
0.0168661
0.0110041
0.0134105
0.010145
0.0162763
0.0120534
0.0132459
0.00823013
0.0173149
0.0128569
0.0130792
0.00999537
0.016278
0.0130488
0.0150662
0.00995001
0.0183338
0.0139806
0.0153419
0.01129
0.0180389
0.0132967
0.0155
0.0110186
0.0191181
0.0150021
0.0159211
0.0122367
0.0196845
0.0151773
0.0162181
0.0121491
0.0190498
0.0158847
0.0158227
0.0126385
0.0200863
0.0161284
0.0170473
0.0136536
0.0209881
0.0159617
0.0176842
0.0140981
0.0210843
0.0168934
0.0178316
0.014891
0.0209432
0.0163677
0.018212
0.0140297
0.0210052
0.0174149
0.0176735
0.0142584
0.0229179
0.01765
0.0195135
0.0129035
0.0222084
0.0179321
0.0184556
0.0153056
0.0213172
0.0188061
0.019443
0.0148846
0.0219776
0.018118
0.0190775
0.0149444
0.0224948
0.0171114
0.0192464
0.0145127
0.0232128
0.0181137
0.0204346
0.0160236
0.022358
0.0180646
0.0194045
0.0164062
0.0225396
0.0189215
0.0198298
0.0155471
0.0236958
0.0191887
0.0210437
0.0168037
0.0234522
0.0201717
0.020191
0.0172567
0.0240933
0.0201675
0.0216869
0.0168464
0.0250443
0.0199452
0.0213471
0.017167
0.0240741
0.0205008
0.021875
0.0175538
0.0252584
0.0194647
0.0221468
0.0162164
0.0245617
0.0198558
0.0210889
0.0176204
0.0253781
0.0192553
0.020264
0.0174559
0.023444
0.0196614
0.0216082
0.0179175
0.024707
0.0196913
0.0224652
0.0176097
0.0254208
0.0207214
0.0219929
0.0172023
0.0245988
0.0208204
0.021827
0.0188009
0.0248574
0.0208332
0.0218608
0.017313
0.0255238
0.0201212
0.0231601
0.0182961
0.0260238
0.0209311
0.0223822
0.0180161
0.0264769
0.0207709
0.0229806
0.0187641
0.026105
0.0211769
0.0231452
0.018933
0.0260367
0.0220894
0.023626
0.0197045
0.0265688
0.0216984
0.0240791
0.0188539
0.0279259
0.0228075
0.0233567
0.020446
0.0269984
0.0228246
0.0237094
0.019822
0.0261692
0.0229443
0.0232606
0.0207592
0.0274505
0.0225159
0.0244478
0.0196201
0.0264631
0.0234819
0.024871
0.0192013
0.0278757
0.0230545
0.025245
0.0194064
0.0275338
0.0235866
0.0249992
0.0201566
0.0282134
0.0239371
0.0239798
0.0194663
0.0284186
0.0231634
0.0248539
0.0207036
0.0286609
0.0234442
0.0240682
0.0199778
0.0271222
0.0237755
0.0239507
0.0200014
0.0292101
0.0237306
0.0256326
0.0203668
0.0278018
0.023145
0.0240127
0.0206233
0.0277184
0.0238994
0.0253377
0.0207921
0.0294324
0.0224462
0.0255984
0.0205634
0.027806
0.0238823
0.0261711
0.0210891
0.0290755
0.0226855
0.0256216
0.0212918
0.027639
0.023446
0.0264482
0.021941
0.0293503
0.0242042
0.0252215
0.021161
0.0294656
0.0242083
0.0259393
0.0221033
0.0285487
0.0240288
0.0251892
0.0226033
0.0291877
0.0243066
0.025108
0.021101
0.0288194
0.0244404
0.0257142
0.0226624
0.0279474
0.0243819
0.0249845
0.0227769
0.0292438
0.0238075
0.0249822
0.0228921
0.0283396
0.0250335
0.0258392
0.0219774
0.0289999
0.0243026
0.0256361
0.0218236
0.0272668
0.0248711
0.0253348
0.0215799
0.0295534
0.0235717
0.0250378
0.0220608
0.0280318
0.0244052
0.0258264
0.0217317
0.0279848
0.0237042
0.0244501
0.0207978
0.0278502
0.0239051
0.0248882
0.0200733
0.0281344
0.0233003
0.0248091
0.0202849
0.0274698
0.0246189
0.0249773
0.0209189
0.0276785
0.0244857
0.0246139
0.0212694
0.028497
0.023415
0.0250157
0.020344
0.0290741
0.0234642
0.0259774
0.0194529
0.028106
0.0231992
0.0244857
0.0209467
0.028777
0.0237335
0.0248875
0.0207501
0.0276432
0.0231446
0.0247711
0.0199755
0.0272501
0.022431
0.0233093
0.0194946
0.0275023
0.0235423
0.024318
0.0199947
0.0267714
0.021954
0.0240911
0.0199579
0.0265088
0.022444
0.0238909
0.0191209
0.0267417
0.0224291
0.0239464
0.0194991
0.0269683
0.0217901
0.0233651
0.0187939
0.0267845
0.0214289
0.0228244
0.0191871
0.0262032
0.0214353
0.0235853
0.0185417
0.0260386
0.0213242
0.0237861
0.0191422
0.026902
0.0224868
0.0216063
0.0178087
0.0255642
0.0221235
0.0233566
0.0183002
0.025639
0.0226877
0.0230852
0.0198368
0.0250534
0.0219504
0.0230809
0.0172744
0.0264575
0.0207921
0.0226962
0.0177296
0.0247542
0.0199141
0.0223589
0.0176872
0.0243144
0.0201641
0.0216665
0.0176915
0.0248636
0.0202432
0.0213694
0.0165033
0.0247482
0.0199782
0.0217114
0.0180527
0.0234788
0.018634
0.0213246
0.0175205
0.0249142
0.0187081
0.0212561
0.0156975
0.0239082
0.019696
0.0210573
0.0155906
0.0228354
0.0184842
0.0206726
0.0156697
0.0236517
0.0189437
0.0213159
0.0168472
0.0231089
0.0192878
0.0204247
0.015503
0.0233269
0.019914
0.0192719
0.0152008
0.0222681
0.0177375
0.0187954
0.0138117
0.0224263
0.018494
0.0180709
0.0137262
0.0218429
0.0163826
0.0179576
0.0136706
0.0216249
0.0162351
0.0166326
0.0125273
0.020099
0.0158376
0.017464
0.0127816
0.0207145
0.0164765
0.0185495
0.0140744
0.0198937
0.0156216
0.0177609
0.0131405
0.0201779
0.015316
0.0160405
0.0132302
0.0194577
0.0149869
0.016485
0.0123305
0.0191778
0.0157563
0.0157435
0.0128477
0.0197014
0.0146493
0.0160362
0.0123006
0.0190218
0.0142258
0.0160295
0.0119925
0.0193591
0.0146468
0.0162026
0.011471
0.019451
0.0148412
0.0158713
0.0124541
0.0194702
0.0140591
0.0159782
0.0113792
0.0184764
0.0141446
0.0155102
0.011981
0.0181587
0.0124741
0.0148163
0.0109054
0.0175283
0.013502
0.014998
0.0102258
0.0183874
0.0134678
0.0149018
0.0117453
0.0193256
0.0135105
0.0147629
0.0104246
0.0175454
0.0139551
0.0144402
0.00962958
0.0184152
0.0122026
0.0127925
0.00916796
0.0155899
0.011818
0.0115701
0.00823833
0.0156797
0.0116021
0.0124612
0.00807164
0.014859
0.0114311
0.0127262
0.00830885
0.0167397
0.0115636
0.0122432
0.00784297
0.0163144
0.0109546
0.0116662
0.0072168
0.0152608
0.0105015
0.0118522
0.00671672
0.0151988
0.0100121
0.0105912
0.00828744
0.0137434
0.00941155
0.0109225
0.00687909
0.0132647
0.0100185
0.0103775
0.00606272
0.0139978
0.00810579
0.00971929
0.00640893
0.0125531
0.00905466
0.00937308
0.00533825
0.0124249
0.00838147
0.00884736
0.00480825
0.0120808
0.00849046
0.00800748
0.00439793
0.0115935
0.00679147
0.00783438
0.00415644
0.0111618
0.00595587
0.00860587
0.00418208
0.0117602
0.0059003
0.00794123
0.00213902
0.0105143
0.00591954
0.00703724
0.00267543
0.0110828
0.00560588
0.00809346
0.00214806
0.00908079
0.00479592
0.00715527
0.00224636
0.00900486
0.00587829
0.00599797
0.00195886
0.0087826
0.00435454
0.0065237
0.00239055
0.00930833
0.00513031
0.00601507
0.00206358
0.00847273
0.00385233
0.0066049
0.000514185
0.00949426
0.00536325
0.00634204
0.00129209
0.00822482
0.00469862
0.00466442
0.00118737
0.00852188
0.00416862
0.00414083
0.000345354
0.00744051
0.00238842
0.00514099
0.000494951
0.00681007
0.00298253
0.00312571
0.000435112
0.00732083
0.00180499
0.00390575
-1.58145e-05
0.00700668
0.00176866
0.00254229
-0.00121259
0.00659636
0.00213197
0.00404039
-0.000864241
0.00593599
0.00137971
0.00314067
-0.00156093
0.00581845
0.000311161
0.00168959
-0.00243073
0.00687632
0.001166
0.00106769
-0.00253117
0.0038737
0.000875354
0.00249313
-0.00303126
0.00410664
-4.57338e-05
0.00155281
-0.00330267
0.00508757
0.000383822
-2.99193e-06
-0.0032471
0.00437164
-0.000693273
-0.000498798
-0.00373008
0.0016618
-0.000845007
0.000811241
-0.005085
0.00274531
-0.0013686
-0.000528717
-0.00396303
0.00267051
-0.00218924
-0.000691136
-0.00495464
0.00290559
-0.00171694
-0.000774483
-0.00513416
0.00104632
-0.00259033
-0.000981097
-0.00521254
0.0016283
-0.00185303
-0.00226977
-0.00628109
0.00101067
-0.00284464
-0.00188723
-0.00668863
0.000974996
-0.00381423
-0.00247302
-0.00653992
0.000121408
-0.00346891
-0.00208621
-0.00609859
0.000475108
-0.00448517
-0.00292082
-0.00673949
-0.000362398
-0.00467292
-0.00430534
-0.00772683
-0.000514132
-0.00474985
-0.00451264
-0.00769691
-0.000131592
-0.00442929
-0.00417711
-0.00706433
-0.00109328
-0.00532473
-0.00444852
-0.00800251
-0.000653043
-0.005968
-0.00465915
-0.00822383
-0.00192795
-0.00485577
-0.00505879
-0.00919621
-0.00256266
-0.00529815
-0.00521266
-0.0104934
-0.00297726
-0.00658254
-0.00495194
-0.00941419
-0.00213311
-0.00635387
-0.00569351
-0.0101023
-0.00187666
-0.00865766
-0.0060675
-0.010175
-0.00388125
-0.00766605
-0.00542851
-0.0107071
-0.00419327
-0.00865125
-0.00696294
-0.0110811
-0.00454589
-0.00822133
-0.00698181
-0.0106768
-0.00308162
-0.00856433
-0.00844893
-0.0115003
-0.00485176
-0.00842926
-0.0068072
-0.0112267
-0.00367422
-0.00841002
-0.00684994
-0.0121948
-0.00483253
-0.0094743
-0.00846772
-0.0138511
-0.00610837
-0.00847414
-0.0081899
-0.0126757
-0.00553563
-0.00954268
-0.00855464
-0.0128865
-0.00616323
-0.0101743
-0.00934726
-0.0135402
-0.00670367
-0.0100824
-0.00987084
-0.0145917
-0.00618222
-0.0106509
-0.00967423
-0.0139976
-0.00655194
-0.0111146
-0.00941992
-0.0128435
-0.00752004
-0.0124696
-0.00985161
-0.0137283
-0.00743238
-0.0110878
-0.0108121
-0.0152744
-0.00712991
-0.012229
-0.0105364
-0.0150778
-0.00707221
-0.0125603
-0.011169
-0.0155052
-0.00810443
-0.0117033
-0.0115687
-0.0168003
-0.00845064
-0.0135624
-0.0115877
-0.015864
-0.00908518
-0.0129149
-0.0127567
-0.0152977
-0.0087924
-0.0142591
-0.0124276
-0.0153661
-0.00845688
-0.0129149
-0.0119147
-0.0166184
-0.0106688
-0.014099
-0.0140221
-0.0158578
-0.0096142
-0.0135956
-0.0119949
-0.0148138
-0.00973602
-0.0133904
-0.0128176
-0.0168973
-0.00968886
-0.0141789
-0.0126936
-0.0176239
-0.0103428
-0.0152923
-0.012933
-0.0178932
-0.0100586
-0.0146384
-0.0137023
-0.0183612
-0.01058
-0.015786
-0.0145532
-0.0182461
-0.0102256
-0.0144998
-0.0143288
-0.0180901
-0.0111168
-0.0139142
-0.0131406
-0.0172823
-0.0107065
-0.0144165
-0.0132753
-0.0182162
-0.0108518
-0.0144357
-0.0148994
-0.0190326
-0.0108582
-0.0157393
-0.0143823
-0.0192078
-0.0123243
-0.0153803
-0.0140678
-0.0187652
-0.0116636
-0.0161536
-0.014538
-0.0187331
-0.0130762
-0.0160361
-0.0152817
-0.019496
-0.0111464
-0.0160589
-0.0160375
-0.018773
-0.011742
-0.0155317
-0.0142388
-0.0192396
-0.0110844
-0.0155232
-0.0149953
-0.0190921
-0.012309
-0.0166
-0.0138773
-0.018361
-0.0116448
-0.0146475
-0.0150492
-0.019473
-0.0118607
-0.0163465
-0.014703
-0.0183425
-0.0128641
-0.0164304
-0.0152507
-0.0186209
-0.0116775
-0.0162445
-0.0149815
-0.0185803
-0.0132291
-0.0170665
-0.0153056
-0.0197678
-0.0127261
-0.0172802
-0.0162437
-0.0203534
-0.0132433
-0.0177718
-0.0153803
-0.0213257
-0.0136496
-0.0175455
-0.0164791
-0.0216573
-0.0141839
-0.0175712
-0.0155966
-0.0212663
-0.0142203
-0.0176888
-0.0167186
-0.0215185
-0.0143464
-0.0179453
-0.0167656
-0.0212813
-0.013498
-0.018007
-0.016479
-0.020704
-0.0144552
-0.0176993
-0.0177142
-0.0208835
-0.0138375
-0.0188939
-0.0169214
-0.0217213
-0.0148184
-0.0181609
-0.0177463
-0.0214947
-0.0135511
-0.018319
-0.0166585
-0.020595
-0.014842
-0.0189024
-0.017103
-0.0216123
-0.0150663
-0.0188514
-0.0177936
-0.0226704
-0.0141114
-0.0203004
-0.0183347
-0.0231624
-0.0150586
-0.0191569
-0.0192463
-0.0215501
-0.0150448
-0.0191673
-0.0177953
-0.0216271
-0.0144994
-0.0196904
-0.0177029
-0.0212056
-0.0165104
-0.0186391
-0.0168952
-0.0221204
-0.0150808
-0.0191968
-0.0188143
-0.0233938
-0.0142085
-0.017815
-0.0185758
-0.0228115
-0.0145623
-0.0198197
-0.0176869
-0.0225573
-0.0148531
-0.0194329
-0.0184776
-0.0217431
-0.0144119
-0.0190665
-0.0181988
-0.0224751
-0.0153287
-0.0189553
-0.0178376
-0.0218019
-0.014087
-0.018592
-0.0175683
-0.0225713
-0.0146662
-0.019511
-0.0172756
-0.0219387
-0.0138071
-0.0185493
-0.0178163
-0.0222721
-0.0151666
-0.0183915
-0.0185326
-0.0205414
-0.0136707
-0.0188082
-0.0165942
-0.0208834
-0.0144229
-0.0187292
-0.0176478
-0.0218686
-0.0141842
-0.0183643
-0.0166033
-0.021961
-0.0146522
-0.0169688
-0.0168738
-0.0214215
-0.0147067
-0.0181862
-0.0170872
-0.0224877
-0.013676
-0.0190487
-0.0171381
-0.0213183
-0.0139902
-0.0181391
-0.0167051
-0.0210904
-0.0136298
-0.0180622
-0.0161174
-0.0203018
-0.0145357
-0.0177862
-0.0162582
-0.0206435
-0.013309
-0.0180363
-0.0170703
-0.0190685
-0.0134383
-0.0184583
-0.0165712
-0.0203432
-0.0137635
-0.0186276
-0.0165802
-0.020489
-0.0131438
-0.017636
-0.0171188
-0.0209933
-0.0127313
-0.0171466
-0.0146526
-0.019617
-0.014238
-0.0175804
-0.0161186
-0.0199803
-0.0123573
-0.0171102
-0.0154177
-0.020053
-0.0120475
-0.0163729
-0.0155224
-0.0193007
-0.0139046
-0.0179394
-0.0149261
-0.0204056
-0.0116521
-0.0179757
-0.0159284
-0.0201577
-0.0126287
-0.0168517
-0.015625
-0.0192795
-0.0113893
-0.0155951
-0.0163687
-0.0189375
-0.0116287
-0.017386
-0.0153451
-0.0195722
-0.0128414
-0.0165856
-0.0144848
-0.0177717
-0.0116874
-0.015592
-0.0134121
-0.0184943
-0.0112474
-0.0161649
-0.0149724
-0.0184495
-0.0114462
-0.0147651
-0.0145025
-0.0184305
-0.0110972
-0.0143349
-0.0138839
-0.0177692
-0.0114091
-0.0156235
-0.0142061
-0.0185957
-0.0107504
-0.0155094
-0.0144216
-0.0183773
-0.0106859
-0.0156858
-0.01519
-0.018823
-0.0113518
-0.0150532
-0.0139455
-0.0189399
-0.0107197
-0.0161244
-0.0144339
-0.0178255
-0.0109697
-0.0155431
-0.0135129
-0.0182764
-0.0117412
-0.013921
-0.0139697
-0.0177289
-0.0103687
-0.0151752
-0.013162
-0.0178123
-0.0099041
-0.0146848
-0.0131589
-0.0175164
-0.0106756
-0.0135072
-0.0121351
-0.0162939
-0.0101327
-0.0126428
-0.0127561
-0.0168721
-0.00903555
-0.0131687
-0.0126878
-0.0157011
-0.00833245
-0.0130319
-0.0120232
-0.0164785
-0.00920601
-0.0132451
-0.0121223
-0.0156079
-0.0095364
-0.0125219
-0.0119278
-0.016997
-0.00956846
-0.0146141
-0.0118268
-0.0162481
-0.00881741
-0.0139806
-0.0130424
-0.0160622
-0.00884733
-0.0129463
-0.0115828
-0.0163849
-0.00872124
-0.0128245
-0.0122859
-0.0163677
-0.00836652
-0.0132006
-0.0104972
-0.0156305
-0.00736919
-0.0129759
-0.0115676
-0.0154229
-0.00791316
-0.0114629
-0.0103623
-0.0152648
-0.0073362
-0.0124268
-0.0109522
-0.0149015
-0.0074687
-0.0114116
-0.010576
-0.0156409
-0.00695128
-0.0123432
-0.0102104
-0.0148478
-0.00792153
-0.0113131
-0.0109412
-0.0141576
-0.00676749
-0.0118623
-0.0104091
-0.0133733
-0.00734237
-0.0113772
-0.0100282
-0.0140117
-0.00607042
-0.0111588
-0.0106481
-0.0131337
-0.00677585
-0.0110329
-0.0100948
-0.0133676
-0.00750985
-0.0112669
-0.00885194
-0.0131518
-0.00689223
-0.0101876
-0.00991622
-0.0120405
-0.00559287
-0.00930928
-0.00894597
-0.0130855
-0.00528941
-0.00867456
-0.00922807
-0.0134958
-0.00472521
-0.00969114
-0.00805626
-0.012658
-0.00428273
-0.00950792
-0.00782593
-0.0118057
-0.00359494
-0.00948263
-0.00792469
-0.0113633
-0.00406723
-0.00855299
-0.00680913
-0.0118612
-0.00353723
-0.00784348
-0.00630477
-0.0104037
-0.00310127
-0.00769175
-0.00763618
-0.0111795
-0.00364195
-0.0069865
-0.00599917
-0.00998485
-0.00301984
-0.00817132
-0.0064766
-0.0100739
-0.0024265
-0.00799329
-0.00663623
-0.0105984
-0.00353317
-0.00710573
-0.00575936
-0.00973008
-0.00249816
-0.00756762
-0.00612144
-0.0091094
-0.00241388
-0.00643162
-0.00398464
-0.0105071
-0.00193945
-0.00697614
-0.00423776
-0.00904623
-0.0014837
-0.00583696
-0.0046637
-0.00851474
-0.00159483
-0.00491374
-0.00349898
-0.00761716
-0.00156491
-0.00523585
-0.00333384
-0.00823419
-0.000775509
-0.0043701
-0.00356624
-0.00719931
0.000763509
-0.00488446
-0.00274736
-0.00698091
0.000378992
-0.00494024
-0.00258088
-0.00646185
0.00119416
-0.00295822
-0.00234114
-0.00665166
0.000118651
-0.0032088
-0.00307297
-0.00671212
-4.22504e-05
-0.00375866
-0.00202761
-0.00812902
-0.000375637
-0.00298503
-0.00107447
-0.00647704
0.000561864
-0.00373583
-0.00238092
-0.00582822
0.00038004
-0.00355221
-0.00157754
-0.00656124
0.00129899
-0.0035629
-0.00123988
