1.60296e-05
1.60296e-05
1.60296e-05
6.10928e-05
3.15442e-06
3.96341e-05
2.24672e-05
1.17379e-05
-1.13731e-06
4.60717e-05
-1.40125e-05
3.31965e-05
-5.42904e-06
-1.83042e-05
3.31965e-05
2.46131e-05
1.81755e-05
4.72627e-05
3.00958e-05
4.34538e-06
1.50747e-05
3.86792e-05
-1.49674e-05
8.63711e-06
4.2971e-05
-1.71133e-05
1.50747e-05
2.36582e-05
5.36466e-08
7.08672e-05
-4.71554e-05
3.22416e-05
-4.23808e-06
2.5804e-05
-2.56967e-05
6.49124e-06
2.79499e-05
-4.23808e-06
2.15123e-05
8.63711e-06
-2.09222e-06
-1.28215e-05
-1.49674e-05
-6.38395e-06
-1.06757e-05
3.22416e-05
1.50747e-05
1.0783e-05
-6.38395e-06
3.22416e-05
5.36466e-08
2.15123e-05
-4.23808e-06
3.43875e-05
-4.23808e-06
1.93664e-05
-1.92591e-05
1.72206e-05
-1.92591e-05
5.36466e-08
-4.23808e-06
6.49124e-06
-8.52981e-06
-1.49674e-05
-2.09222e-06
5.36466e-08
6.49124e-06
-8.52981e-06
-1.28215e-05
-1.49674e-05
-1.28215e-05
4.34538e-06
1.50747e-05
1.29288e-05
1.50747e-05
-1.49674e-05
1.0783e-05
8.63711e-06
4.2971e-05
2.5804e-05
-8.52981e-06
3.22416e-05
4.34538e-06
-6.38395e-06
1.50747e-05
2.36582e-05
-2.1405e-05
7.08672e-05
-2.09222e-06
2.55036e-05
-8.83024e-06
-4.5385e-06
4.04496e-06
-2.38513e-05
-4.96017e-05
2.97953e-05
-6.68437e-06
-1.95596e-05
-4.5385e-06
-1.41734e-05
1.58687e-05
8.47617e-07
-9.88171e-06
-2.49028e-05
1.80145e-05
2.23063e-05
-9.88171e-06
1.58687e-05
3.30356e-05
5.13935e-06
-2.0611e-05
-2.27569e-05
8.47617e-07
-5.58998e-06
-1.63193e-05
-2.0611e-05
-2.27569e-05
1.15769e-05
9.43108e-06
-1.84652e-05
1.15769e-05
2.23063e-05
2.01604e-05
-1.20276e-05
-1.20276e-05
4.7724e-05
-3.77672e-06
1.55361e-05
1.55361e-05
2.66087e-06
2.66087e-06
5.15008e-07
-8.06845e-06
-3.77672e-06
-2.73812e-05
-1.02143e-05
1.12443e-05
1.76819e-05
-1.66519e-05
1.12443e-05
6.9526e-06
-3.1673e-05
1.98278e-05
9.09847e-06
-2.30895e-05
1.55361e-05
-6.38609e-05
-5.92259e-06
-1.66519e-05
2.62654e-05
1.12443e-05
5.15008e-07
3.20592e-05
0.00010931
7.49765e-05
8.356e-05
5.35179e-05
0.000132915
0.000102873
9.64352e-05
0.000152228
0.000124331
0.000143644
0.000130769
0.000117894
0.000150082
8.14141e-05
0.000107165
0.000126477
0.00014579
0.00010931
0.000113602
0.000113602
0.000107165
0.000102873
9.8581e-05
0.000102873
9.8581e-05
0.000100727
9.8581e-05
3.84968e-05
9.8581e-05
0.000115437
0.000102562
8.32488e-05
9.18323e-05
9.18323e-05
0.000113291
0.000119729
0.000132604
0.000141187
0.000181959
0.000145479
0.000162646
0.000147625
0.000132604
0.000141187
0.000164792
0.000102562
0.000105974
0.000110748
0.00013108
0.000133226
0.000146101
0.000113548
0.000115694
0.000171412
0.000114031
9.17035e-05
0.000140962
5.67259e-05
0.000200317
0.000180821
0.00022596
0.000119299
0.000123849
0.000130501
0.00024303
5.07497e-05
0.000293823
-0.000533097
0.00181711
-0.00208197
0.00604243
-0.00969303
0.00896405
-0.00971111
0.00977861
-0.00987717
0.0114549
-0.0078167
0.00741673
-0.0104378
0.00941782
-0.00942713
0.00984671
-0.0115343
0.00773187
-0.00714051
0.00692931
-0.011302
0.00941637
-0.010641
0.00958804
-0.0107161
0.00966179
-0.00895909
0.00929857
-0.00900763
0.00915282
-0.00890678
0.00999829
-0.00942179
0.00866571
-0.00673731
0.0118201
-0.00855056
0.0100476
-0.00823941
0.0105648
-0.00922279
0.0121393
-0.010094
0.00868231
-0.00838165
0.0108367
-0.00735808
0.00833893
-0.00921639
0.0112316
-0.00946102
0.00973803
-0.00982306
0.00890176
-0.00842181
0.00993177
-0.0108273
0.0101635
-0.00763428
0.00984594
-0.00966212
0.0105584
-0.00827589
0.00913986
-0.00992518
0.0112738
-0.00974922
0.00895199
-0.0111161
0.00977171
-0.00784155
0.0102417
-0.0111784
0.0101773
-0.00827287
0.00816611
-0.0109621
0.0109193
-0.00837851
0.00863606
-0.0100072
0.00982916
-0.00827336
0.00904806
-0.0122153
0.00992572
-0.0091979
0.00765489
-0.00990472
0.00967844
-0.00928987
0.00897574
-0.0107147
0.0118587
-0.00810002
0.008421
-0.00745841
0.0092772
-0.00970083
0.00879438
-0.0110481
0.0107518
-0.00893653
0.00841064
-0.00823483
0.00791709
-0.00872409
0.00908445
-0.00988929
0.00977327
-0.00823483
0.00866815
-0.00946012
0.0110393
-0.00969258
0.00945283
-0.00993077
0.0102725
-0.0111003
0.00751726
-0.0102419
0.0104259
-0.00977197
0.00860951
-0.00981703
0.0102339
-0.00989123
0.0105546
-0.0104298
0.0108636
-0.00963158
0.0098923
-0.00962864
0.00977428
-0.0107531
0.0100082
-0.00928959
0.0104137
-0.00739479
0.00855543
-0.01006
0.0116648
-0.00965224
0.00966698
-0.00960289
0.00993736
-0.00851708
0.00823355
-0.00967885
0.0103721
-0.0118462
0.00843011
-0.00987627
0.00964252
-0.0101767
0.00871894
-0.0106196
0.0110912
-0.00893613
0.00843035
-0.00832027
0.0105719
-0.00837392
0.0087973
-0.00942539
0.0105097
-0.00876232
0.00837241
-0.0101936
0.00968139
-0.00824731
0.00847112
-0.00912926
0.00956337
-0.00904772
0.00867069
-0.0111571
0.0109153
-0.00926231
0.00795397
-0.00968719
0.00750119
-0.00912068
0.0108745
-0.0103202
0.00960843
-0.00838679
0.00891317
-0.00964427
0.0110955
-0.00910995
0.00873936
-0.0113395
0.011235
-0.0078353
0.00953969
-0.00863793
0.0111984
-0.00791263
0.0101341
-0.0094435
0.0085131
-0.00820319
0.00864829
-0.00932333
0.010307
-0.00729549
0.00937359
-0.00979113
0.0106203
-0.0083534
0.00836231
-0.00925525
0.0105683
-0.00777372
0.00881167
-0.00951187
0.0109378
-0.00844799
0.00973178
-0.0111003
0.0110322
-0.00594162
0.00878116
-0.0107634
0.0106931
-0.00926771
0.0095923
-0.00944582
0.0104871
-0.0076111
0.00862666
-0.0110938
0.0106202
-0.00895227
0.00937771
-0.00923552
0.0105858
-0.00824196
0.00978975
-0.010729
0.010146
-0.00970973
0.00880694
-0.00830633
0.00942066
-0.00734069
0.00947645
-0.00926339
0.0114185
-0.00813896
0.0086975
-0.00843508
0.0102469
-0.00782342
0.00944651
-0.00869249
0.0120151
-0.00829765
0.00813109
-0.00949505
0.0112147
-0.00730197
0.00847872
-0.00759596
0.0108525
-0.00798177
0.0111593
-0.00921994
0.010389
-0.00668138
0.00944909
-0.00921564
0.0101765
-0.00824357
0.0106272
-0.00922208
0.0104448
-0.00643889
0.00982891
-0.00797319
0.0117559
-0.00902037
0.00998556
-0.00929504
0.0106572
-0.0079131
0.0106937
-0.0107925
0.0112391
-0.0076102
0.0100717
-0.00932904
0.0112756
-0.00775183
0.00935715
-0.00919385
0.0113292
-0.0105522
0.0080632
-0.00975392
0.00863829
-0.00995778
0.00900523
-0.0106445
0.0105717
-0.00943419
0.0085675
-0.00965519
0.011797
-0.0100479
0.00859539
-0.00932902
0.0110824
-0.0057304
0.0103529
-0.0101487
0.0105696
-0.0079664
0.00902671
-0.00989124
0.00943657
-0.00783979
0.0099945
-0.00939769
0.0121232
-0.00802648
0.00949022
-0.00854149
0.0112584
-0.00910156
0.00953528
-0.0105178
0.0112327
-0.00754366
0.00898594
-0.00902645
0.0113657
-0.00632266
0.00981424
-0.00851574
0.0107756
-0.00769816
0.00918386
-0.00942937
0.0102117
-0.0087148
0.00909803
-0.00871265
0.0106237
-0.00738436
0.00982333
-0.0105345
0.00917099
-0.00764401
0.00781266
-0.00808606
0.0109091
-0.00795945
0.00971389
-0.00931135
0.0112611
-0.00686721
0.00944137
-0.00914183
0.0115057
-0.0084015
0.00925897
-0.00767405
0.0107589
-0.00621916
0.00954008
-0.0075063
0.0130103
-0.00689258
0.0106821
-0.00784964
0.0116692
-0.0057703
0.0103559
-0.00942041
0.0118451
-0.00736682
0.010622
-0.00731961
0.0110147
-0.00775308
0.0100555
-0.0100728
0.0129288
-0.00840327
0.00892673
-0.00764149
0.0125125
-0.00701704
0.0111091
-0.00801272
0.0109953
-0.00609218
0.0100125
-0.00875305
0.0118473
-0.0075578
0.0117807
-0.00832602
0.0114953
-0.006781
0.0104696
-0.00931527
0.0127049
-0.00668304
0.00923928
-0.00920443
0.0121705
-0.00654785
0.0111706
-0.00828815
0.0118843
-0.00675038
0.0105909
-0.00704592
0.0118227
-0.00909522
0.0095266
-0.00783559
0.0108141
-0.00747512
0.00910383
-0.00861672
0.0122883
-0.00786781
0.00980553
-0.00788069
0.0103441
-0.00719209
0.00944265
-0.00929075
0.0131915
-0.00733372
0.00956282
-0.00733587
0.0108169
-0.00757747
0.0106066
-0.00946154
0.0118083
-0.00784785
0.00925684
-0.00927056
0.0112825
-0.00754957
0.00972893
-0.00903451
0.0119799
-0.00829125
0.00817827
-0.00960452
0.0107705
-0.00791787
0.01044
-0.0094071
0.0114786
-0.00779984
0.00998079
-0.00960666
0.0126095
-0.00711102
0.00813535
-0.00916891
0.012234
-0.00736853
0.0106954
-0.00944787
0.0115666
-0.00773118
0.00804737
-0.00946289
0.0113863
-0.00867107
0.0106911
-0.00991352
0.0122855
-0.00864746
0.0123048
-0.0082655
0.0121588
-0.0077977
0.0101632
-0.00926118
0.0108413
-0.00777902
0.00965399
-0.0102489
0.0109949
-0.00931788
0.00837478
-0.00919557
0.0106558
-0.00939943
0.0110957
-0.00935865
0.00891339
-0.00894236
0.00837263
-0.0104638
0.0113253
-0.0085282
0.0110864
-0.00860623
0.0111143
-0.00713416
0.0105907
-0.00989804
0.010698
-0.00903969
0.010316
-0.00945599
0.0100199
-0.00906544
0.00827529
-0.0103444
0.0109576
-0.00973878
0.00947958
-0.00944695
0.00877789
-0.00872379
0.00858905
-0.00994264
0.011134
-0.00836328
0.00676292
-0.0100199
0.00986369
-0.0103525
0.0105654
-0.0102688
0.00975855
-0.00857787
0.00924998
-0.0112371
0.00985677
-0.00964898
0.00917884
-0.0106296
0.00988269
-0.00892368
0.00681839
-0.0113464
0.0115629
-0.00905887
0.00840204
-0.00950306
0.0108891
-0.00807391
0.0106445
-0.0116639
0.0116723
-0.00843227
0.00880975
-0.00889793
0.0112732
-0.00794731
0.0102824
-0.009996
0.0108682
-0.00867415
0.00800781
-0.00997669
0.0106343
-0.00912263
0.0092331
-0.00957112
0.0101987
-0.00788661
0.0104283
-0.00848316
0.0114863
-0.00915267
0.00848419
-0.00890375
0.00984467
-0.00775142
0.00930606
-0.00909044
0.00970519
-0.00935653
0.00878247
-0.00877285
0.0102438
-0.00810549
0.010452
-0.0118028
0.0114047
-0.00776859
0.00860436
-0.0104831
0.0104927
-0.00879431
0.00867518
-0.00801966
0.00946056
-0.0068008
0.00949704
-0.0105053
0.0115821
-0.0091641
0.00865087
-0.00933148
0.00968089
-0.00845596
0.010286
-0.0096834
0.0114405
-0.00656975
0.00886117
-0.00840423
0.0110588
-0.00758451
0.00926053
-0.00859092
0.0112261
-0.00998358
0.00864467
-0.00918318
0.0109
-0.0080566
0.00906955
-0.00848792
0.00935495
-0.00791712
0.0107111
-0.0104293
0.0105444
-0.00875981
0.00889852
-0.00883491
0.0113212
-0.00762679
0.0102311
-0.00998295
0.0119521
-0.00665686
0.00746937
-0.0100387
0.0103577
-0.00875337
0.0111603
-0.0109523
0.0109033
-0.00779359
0.00897635
-0.00998666
0.0103304
-0.00875708
0.0104334
-0.0101991
0.0102446
-0.0084867
0.00919952
-0.00930857
0.011708
-0.00910686
0.0094141
-0.00858971
0.0111308
-0.00654255
0.0105514
-0.00849958
0.0101179
-0.00724425
0.00951496
-0.00888154
0.0115407
-0.00737515
0.0101222
-0.00932788
0.0112295
-0.00724425
0.00910939
-0.0110296
0.0129269
-0.00800388
0.0103025
-0.00780003
0.0109184
-0.00800174
0.00937762
-0.00856395
0.0122359
-0.00711764
0.0105986
-0.00847597
0.011796
-0.00607475
0.00894201
-0.00895879
0.0126758
-0.00822491
0.00826748
-0.00950457
0.00920308
-0.00800247
0.00982538
-0.00948311
0.0100657
-0.00831576
0.00947131
-0.0093608
0.0104348
-0.00798745
0.00943784
-0.00935565
0.0102769
-0.00798408
0.00929014
-0.00832527
0.0111252
-0.00902019
0.00918533
-0.00888285
0.0112733
-0.00783782
0.00915744
-0.0090159
0.0122818
-0.00597306
0.00847291
-0.00917469
0.0112818
-0.00840218
0.010372
-0.00960386
0.010548
-0.00645373
0.00985699
-0.0093485
0.0114363
-0.00838544
0.00993166
-0.01013
0.0116333
-0.00847127
0.00917847
-0.00789189
0.0108844
-0.00815154
0.00990591
-0.00854709
0.0105897
-0.00739386
0.010316
-0.0086449
0.0112923
-0.00784878
0.0110885
-0.00740244
0.0103567
-0.00771359
0.011597
-0.00811916
0.0105327
-0.00734021
0.00907347
-0.0093638
0.0128759
-0.00870288
0.00921295
-0.00757201
0.0110648
-0.00597548
0.01323
-0.00683168
0.0186912
0.00219383
0.0276652
0.0603554
0.406818
1.4784
3.39989
5.46358
7.67573
9.26287
10.4962
11.3359
11.912
12.2275
12.3996
12.4051
12.3526
12.1972
12.0264
11.7958
11.5761
11.307
11.0587
10.7661
10.5043
10.2041
9.93374
9.64032
9.38763
9.10614
8.881
8.65744
8.46937
8.22253
8.00438
7.71716
7.49004
7.23849
7.04064
6.81644
6.64054
6.43052
6.26505
6.07114
5.92192
5.7427
5.60224
5.43487
5.30866
5.14791
5.02558
4.87004
4.7577
4.61347
4.50559
4.36729
4.27194
4.14075
4.04509
3.91428
3.82747
3.70193
3.61691
3.50059
3.42234
3.3065
3.23031
3.11765
3.04621
2.9367
2.86517
2.75987
2.69693
2.5957
2.53291
2.43523
2.37936
2.28447
2.22936
2.13813
2.09126
2.00801
1.95915
1.87922
1.83676
1.76025
1.71953
1.64681
1.61293
1.54587
1.51203
1.44706
1.41996
1.35931
1.33107
1.27514
1.25136
1.19901
1.17706
1.12667
1.10851
1.06242
1.0414
0.999086
0.983622
0.943476
0.92939
0.889303
0.878527
0.840307
0.829777
0.79372
0.787538
0.75403
0.746698
0.713014
0.709366
0.678204
0.67271
0.641651
0.639793
0.609562
0.607491
0.579906
0.579859
0.55243
0.551005
0.523515
0.526688
0.501459
0.501573
0.476988
0.480636
0.455562
0.457641
0.433493
0.437362
0.414183
0.416024
0.393578
0.400765
0.376287
0.382473
0.359671
0.36704
0.344444
0.348515
0.327636
0.335681
0.313814
0.320733
0.301212
0.308778
0.287763
0.296261
0.272513
0.285667
0.263088
0.273073
0.251867
0.263929
0.242887
0.252668
0.230145
0.243994
0.221862
0.23416
0.211276
0.227551
0.204706
0.216755
0.194852
0.208976
0.189371
0.200287
0.178891
0.19582
0.17223
0.187515
0.166913
0.182217
0.162336
0.175631
0.156149
0.172365
0.150776
0.164359
0.145613
0.162913
0.142029
0.15475
0.135083
0.152525
0.133577
0.147092
0.12862
0.146555
0.127425
0.139703
0.120444
0.13668
0.118579
0.133568
0.115607
0.131553
0.112389
0.128912
0.109871
0.125957
0.108539
0.12509
0.104764
0.1245
0.104797
0.11909
0.101668
0.119417
0.101108
0.116664
0.0968894
0.117007
0.0987113
0.11261
0.0957972
0.113657
0.0948251
0.110162
0.0928316
0.109574
0.0923659
0.107893
0.0884497
0.107445
0.0879304
0.106645
0.0879218
0.105636
0.0874884
0.103269
0.0857631
0.104829
0.0857867
0.101115
0.0833855
0.103419
0.0828404
0.0985267
0.0812651
0.100584
0.0830869
0.0975071
0.0806707
0.0980693
0.0792458
0.0968913
0.078969
0.0968762
0.0792136
0.0951767
0.0780334
0.0976767
0.0786128
0.0942883
0.0777437
0.0955608
0.0778059
0.0942261
0.0736988
0.0940416
0.074379
0.0911425
0.0757717
0.0924193
0.0746773
0.0918721
0.0729048
0.0920201
0.0740635
0.0893893
0.0728447
0.0924858
0.0730507
0.0902005
0.0705272
0.0903528
0.0725808
0.0890524
0.0696474
0.0919815
0.0697525
0.089134
0.0703212
0.0879516
0.0706709
0.0875117
0.0684307
0.0895567
0.0717889
0.0869945
0.0682998
0.0875203
0.0691903
0.0866383
0.0675745
0.0871168
0.0696645
0.0840804
0.0659028
0.0851598
0.0664844
0.0854753
0.0654393
0.0865117
0.0684135
0.0834002
0.064714
0.0843294
0.0658964
0.0840568
0.0654522
0.0848143
0.0655724
0.082353
0.063714
0.083368
0.066156
0.0814561
0.0643836
0.0837521
0.0636776
0.082237
0.0635379
0.0824022
0.0637031
0.0799967
0.0624478
0.083518
0.0643211
0.0800482
0.062628
0.0805203
0.0625977
0.0797324
0.0609475
0.080402
0.062617
0.0798977
0.0614625
0.0792475
0.0616836
0.0785565
0.0585377
0.0800307
0.0606128
0.0768312
0.0601493
0.0795844
0.0624239
0.0794213
0.0591536
0.0791981
0.0609905
0.077357
0.0602694
0.0795372
0.061263
0.0793251
0.0598023
0.0797503
0.0612701
0.0784928
0.0603839
0.0803769
0.0607315
0.0796923
0.0607701
0.0802438
0.0591839
0.0780804
0.0593706
0.0808357
0.0604886
0.0777413
0.0607997
0.0799215
0.0620121
0.0790482
0.0616237
0.0802541
0.0635271
0.0783787
0.0637503
0.082503
0.0622954
0.082121
0.0613598
0.0815696
0.0634949
0.0810824
0.0623083
0.083106
0.0631173
0.0796297
0.061186
0.0823764
0.0634477
0.0810095
0.0613555
0.0822069
0.063128
0.0783229
0.0617782
0.0805202
0.0621109
0.0797106
0.0595223
0.0805819
0.061209
0.0760433
0.0622669
0.0801076
0.0610545
0.0792493
0.0592841
0.0786956
0.0617798
0.0764897
0.0595889
0.0785733
0.0595953
0.0781141
0.0591468
0.078009
0.0606875
0.0774403
0.0599322
0.0794488
0.0580975
0.0784102
0.059724
0.07823
0.0608646
0.0787869
0.0583518
0.08051
0.0609097
0.0775358
0.0606393
0.0796795
0.0606371
0.0776646
0.0584569
0.0786152
0.0610298
0.0768942
0.0595127
0.0791581
0.0589462
0.0768663
0.0596629
0.0777354
0.061135
0.0766045
0.0577681
0.0791796
0.0594891
0.0762483
0.0568862
0.0770337
0.0597488
0.0759972
0.0575514
0.0761603
0.0571995
0.0736261
0.055663
0.0762376
0.0574248
0.0760659
0.0572338
0.0754071
0.0574312
0.0728407
0.0549015
0.0743838
0.0559444
0.0723968
0.0532535
0.0734161
0.0554959
0.0713603
0.0538329
0.0731886
0.0540239
0.070487
0.0533393
0.0714547
0.05282
0.0709209
0.0507069
0.0719402
0.0536188
0.06876
0.0525931
0.0701827
0.0500481
0.0682386
0.050091
0.070951
0.0524965
0.0680283
0.0502348
0.069069
0.0508871
0.0695347
0.0492284
0.0683073
0.0510824
0.0665713
0.0468829
0.0703995
0.0503228
0.0679575
0.0486297
0.0684918
0.0506854
0.0663073
0.0491683
0.0681528
0.0483808
0.0672622
0.0488829
0.0678609
0.0503657
0.0660777
0.0482456
0.0687193
0.0494494
0.0668803
0.0486983
0.0664704
0.0480846
0.0651399
0.0473142
0.0669489
0.0474622
0.0644725
0.0466666
0.0675459
0.0476258
0.064654
0.0472982
0.0660338
0.0485364
0.0660423
0.0456995
0.0670595
0.0483154
0.0642999
0.0467467
0.0663556
0.0472231
0.065272
0.045824
0.0665016
0.0478819
0.0624073
0.0465214
0.0656132
0.0454485
0.0645467
0.0441717
0.0651003
0.0478561
0.0632592
0.0444614
0.0653128
0.0439249
0.0630446
0.0449227
0.0649565
0.0451309
0.0614824
0.0420623
0.0643192
0.0448991
0.0621755
0.043867
0.0624373
0.0445537
0.0607163
0.0411246
0.0614802
0.0434464
0.0603773
0.0418821
0.0628128
0.0421632
0.0604781
0.0399057
0.0606605
0.0425988
0.0589546
0.0412748
0.0623879
0.0403456
0.0597185
0.0412083
0.0592056
0.0399014
0.0582078
0.0399486
0.0604073
0.0409872
0.0596284
0.0403821
0.0597528
0.0415924
0.0579439
0.039468
0.0597507
0.0412147
0.0582486
0.0397941
0.0596026
0.0407104
0.0581778
0.0387555
0.0588902
0.0403091
0.0570726
0.0386332
0.0591048
0.039039
0.0561072
0.038054
0.0560106
0.0392579
0.0553948
0.0360734
0.0570793
0.0372901
0.054663
0.0372794
0.0560235
0.0366485
0.0540042
0.0343782
0.055942
0.0362257
0.052736
0.0337709
0.0527124
0.0341614
0.0524957
0.0333095
0.0530171
0.0323224
0.0491825
0.0323503
0.0522103
0.0323503
0.0488627
0.0311229
0.0506309
0.0300864
0.0476611
0.0296959
0.0492748
0.0303976
0.047013
0.02858
0.0490838
0.028653
0.0462834
0.0275607
0.0473885
0.0300411
0.0448884
0.0267494
0.048002
0.0271442
0.045427
0.0267458
0.0444213
0.0253102
0.0436809
0.0247437
0.0447925
0.0267694
0.0434792
0.0241171
0.0438719
0.0267222
0.0430801
0.0235098
0.0451251
0.0249175
0.0421509
0.0245784
0.0428161
0.0248145
0.0428398
0.0218918
0.0441852
0.0242997
0.0407756
0.0222976
0.0423614
0.0222289
0.0403035
0.0209092
0.0421661
0.0244134
0.0403336
0.0213985
0.0416426
0.0206538
0.0402585
0.0207933
0.0390546
0.0221731
0.0386212
0.0189286
0.0410932
0.0226366
0.0389774
0.0197676
0.0377285
0.0218684
0.0368358
0.0177505
0.0389302
0.0180058
0.0370161
0.0178964
0.0373165
0.0193813
0.035559
0.0182805
0.0373787
0.0193985
0.0352801
0.0166432
0.0353552
0.0178449
0.0352414
0.0157076
0.0352629
0.0152806
0.0345376
0.0139223
0.0362264
0.0161561
0.0345462
0.0160789
0.0341041
0.0160402
0.0348723
0.0137549
0.0330569
0.0152763
0.030615
0.014124
0.034029
0.0153192
0.0322522
0.0119116
0.0323982
0.0141004
0.0304712
0.0119824
0.0304562
0.0116083
0.0299361
0.0106019
0.0295606
0.0120417
0.0293138
0.0100976
0.0307237
0.012104
0.0286207
0.00826073
0.0284254
0.0123915
0.0276379
0.00948817
0.0301185
0.0100912
0.0272001
0.00766204
0.0273825
0.00772427
0.024977
0.00637881
0.026625
0.00891737
0.0243118
0.00512348
0.025859
0.00711913
0.0234663
0.00512348
0.0233333
0.00511919
0.0228612
0.00279736
0.0236745
0.00394111
0.0213934
0.00465353
0.0215329
0.00489816
0.021078
0.00196691
0.0218827
0.00177807
0.0195888
0.00224587
0.0204063
0.00228235
0.0192948
-0.000176809
0.0203398
0.00131242
0.0185609
-0.000361353
0.0197003
-0.00131412
0.0176017
-0.00170896
0.0173571
-0.00285914
0.0157691
-0.00364667
0.0157777
-0.00276687
0.0143142
-0.00336127
0.0157906
-0.00408228
0.0123293
-0.00651999
0.0148292
-0.00561658
0.0125181
-0.00559512
0.0147155
-0.00495565
0.0155653
-0.00736117
0.0124108
-0.00520672
0.0102585
-0.00827316
0.0116984
-0.00765515
0.0120696
-0.00804784
0.00986155
-0.00754142
0.00885606
-0.00957478
0.0105534
-0.00933444
0.0097187
-0.00946963
0.00972514
-0.0088881
0.00728958
-0.01021
0.0110663
-0.00974001
0.00687757
-0.0107142
0.00856208
-0.0103945
0.00435833
-0.0114073
0.00851487
-0.0107314
0.00425103
-0.0114374
0.00656213
-0.0123043
0.00565658
-0.0127013
0.00647844
-0.0135768
0.00592695
-0.0145038
0.006266
-0.012624
0.00421026
-0.014433
0.00627244
-0.0128494
0.0045815
-0.0153922
0.00600504
-0.013385
0.00242359
-0.0168334
0.00245578
-0.0159021
0.00386776
-0.0192561
0.00334846
-0.0136039
0.000314208
-0.0172497
0.00296006
-0.0163785
0.00211244
-0.0171018
0.00211231
-0.0170717
0.00112522
-0.0187712
0.00220673
-0.0188421
0.000421373
-0.0187262
-0.00020522
-0.0189794
-0.00110648
-0.0197841
0.000672439
-0.0182026
-0.00129747
-0.0202755
0.00087415
-0.0197734
-0.00156141
-0.0212841
-0.000619372
-0.0202304
-0.00216869
-0.0215909
-0.000808208
-0.0199171
-0.00344548
-0.0214729
-0.00216439
-0.0201146
-0.00497333
-0.0227497
-0.00218413
-0.022469
-0.00583639
-0.0236599
-0.00534108
-0.0216368
-0.00441621
-0.0244779
-0.00369735
-0.0232312
-0.00632818
-0.024862
-0.00503422
-0.0246925
-0.00682816
-0.0261195
-0.00586682
-0.0235852
-0.00645264
-0.0251817
-0.00590115
-0.0256689
-0.00777664
-0.0259607
-0.00702988
-0.0259071
-0.00794616
-0.0273104
-0.00650414
-0.0273898
-0.0104332
-0.0275186
-0.00994396
-0.0270508
-0.010268
-0.0297803
-0.00776591
-0.0290379
-0.0107723
-0.0287589
-0.0091693
-0.0277654
-0.0100276
-0.0305593
-0.00951479
-0.0289392
-0.0130319
-0.030334
-0.00903841
-0.0300121
-0.0125769
-0.0321558
-0.0117465
-0.0301323
-0.0139245
-0.0331687
-0.0104761
-0.031746
-0.0143516
-0.0327052
-0.0142185
-0.0321258
-0.0162464
-0.0351429
-0.0108967
-0.0332245
-0.0152657
-0.0343446
-0.0135662
-0.0315228
-0.0171798
-0.0356085
-0.0135726
-0.0355506
-0.0169245
-0.0352909
-0.0155361
-0.0352201
-0.0158773
-0.0370119
-0.0154202
-0.0340764
-0.0174845
-0.0364604
-0.0155876
-0.0363381
-0.0190167
-0.0368274
-0.0160962
-0.0354347
-0.0191175
-0.0369711
-0.018109
-0.0371299
-0.0184824
-0.037881
-0.0170983
-0.0365377
-0.0185961
-0.0399925
-0.0173429
-0.0376449
-0.0194137
-0.038484
-0.0164717
-0.0395676
-0.0196862
-0.0390483
-0.0191605
-0.0372286
-0.0216003
-0.037881
-0.0180231
-0.0385376
-0.0207677
-0.0399646
-0.0189308
-0.0388273
-0.0203578
-0.0392973
-0.0199051
-0.040132
-0.0204566
-0.0399238
-0.019757
-0.0382823
-0.0222677
-0.041132
-0.0197656
-0.0407886
-0.0211153
-0.0409667
-0.022714
-0.0389539
-0.0238835
-0.0420611
-0.0217462
-0.0399432
-0.0225874
-0.0424109
-0.0210381
-0.0412371
-0.0242934
-0.0406384
-0.0227483
-0.0406856
-0.021802
-0.0428293
-0.0211261
-0.0420998
-0.0238277
-0.040868
-0.0233685
-0.0409496
-0.0224007
-0.0432671
-0.0208128
-0.0408659
-0.0241882
-0.0419109
-0.0220037
-0.0430504
-0.0229479
-0.0421598
-0.0222891
-0.0420676
-0.0255036
-0.0432092
-0.0223642
-0.0417049
-0.0256259
-0.044016
-0.0231088
-0.0434409
-0.0273984
-0.0455546
-0.0253727
-0.0441812
-0.026068
-0.0452606
-0.0247848
-0.0442349
-0.0255444
-0.0459602
-0.0259264
-0.042177
-0.0267268
-0.0450396
-0.0258985
-0.0443036
-0.0266581
-0.046531
-0.0261302
-0.043824
-0.0289403
-0.0466437
-0.0259168
-0.0455986
-0.0264768
-0.0470707
-0.0261421
-0.0460085
-0.027627
-0.0479505
-0.0256271
-0.0456029
-0.0272751
-0.0464806
-0.026655
-0.045163
-0.0281249
-0.0457424
-0.0267537
-0.0467231
-0.0282922
-0.0481973
-0.0276957
-0.0469184
-0.0293566
-0.0472789
-0.0285712
-0.047472
-0.0293632
-0.0474894
-0.028065
-0.0479121
-0.0293869
-0.0478048
-0.0279577
-0.0466353
-0.0288869
-0.0499335
-0.0272002
-0.0462576
-0.0312709
-0.0479739
-0.0285538
-0.0471692
-0.0294336
-0.0498987
-0.0276547
-0.0477099
-0.0297791
-0.0489202
-0.0264723
-0.0476713
-0.0276246
-0.0483644
-0.0275946
-0.0453967
-0.0300237
-0.0483387
-0.0278178
-0.0469052
-0.0280688
-0.0471305
-0.0275088
-0.0465276
-0.0282147
-0.0481069
-0.0287233
-0.0477314
-0.0284444
-0.0490082
-0.0292705
-0.0487006
-0.0286496
-0.0483787
-0.0278599
-0.0480654
-0.0290831
-0.0483401
-0.0288406
-0.0468186
-0.0292698
-0.0486598
-0.02842
-0.0464646
-0.0290101
-0.0483379
-0.0279694
-0.0469195
-0.0289178
-0.0489924
-0.0280994
-0.0464808
-0.0296336
-0.0480945
-0.0277603
-0.0482512
-0.0285414
-0.0491696
-0.0275543
-0.0457083
-0.027329
-0.0500408
-0.0277388
-0.0479808
-0.0300886
-0.0465109
-0.0268419
-0.04538
-0.0290221
-0.0490215
-0.0276552
-0.0460216
-0.0287152
-0.0474744
-0.0269084
-0.0452362
-0.0278719
-0.0478671
-0.0292452
-0.0453996
-0.0269773
-0.0468051
-0.025913
-0.0466571
-0.0286661
-0.0470862
-0.0276361
-0.0452064
-0.0276087
-0.048988
-0.0273491
-0.0451147
-0.0278298
-0.0477884
-0.0288855
-0.0459452
-0.0272826
-0.0478013
-0.0271216
-0.0453057
-0.0291902
-0.0461125
-0.0263362
-0.0454945
-0.0273062
-0.0482777
-0.0250552
-0.0446533
-0.0281538
-0.0464215
-0.0271773
-0.0460051
-0.0276214
-0.0472776
-0.0252889
-0.0460931
-0.0272245
-0.0463463
-0.0260957
-0.0454407
-0.0279519
-0.0461553
-0.026806
-0.045018
-0.0264992
-0.0457776
-0.025997
-0.0449794
-0.0269884
-0.0470587
-0.0242718
-0.0440459
-0.0260721
-0.0454643
-0.0259863
-0.0430717
-0.0283661
-0.0450137
-0.0250593
-0.0441403
-0.0256408
-0.0449
-0.0258854
-0.0443957
-0.0250228
-0.0458248
-0.0258726
-0.0460866
-0.0266
-0.0440631
-0.0250958
-0.0444322
-0.0255936
-0.0464064
-0.0234756
-0.0441811
-0.0255915
-0.0436897
-0.0239649
-0.0433721
-0.0252567
-0.0442262
-0.0249134
-0.0430652
-0.024379
-0.0442712
-0.0230958
-0.0438077
-0.0253769
-0.0423786
-0.0228276
-0.0413048
-0.0239254
-0.0448498
-0.0228182
-0.0424507
-0.0248524
-0.0431266
-0.0245048
-0.0404164
-0.0243289
-0.0436202
-0.0220735
-0.0403928
-0.0248803
-0.041058
-0.0229684
-0.0419636
-0.0233632
-0.0431266
-0.022462
-0.0400666
-0.0238525
-0.0416674
-0.0213955
-0.0411095
-0.0226465
-0.041955
-0.0208247
-0.038689
-0.0218997
-0.0403392
-0.0203075
-0.0389728
-0.0214132
-0.0383934
-0.0201235
-0.0390887
-0.0201407
-0.0394814
-0.0184175
-0.0374964
-0.0210119
-0.0392582
-0.0193338
-0.037402
-0.0192544
-0.0389385
-0.0183918
-0.0370458
-0.0191836
-0.0399964
-0.0177266
-0.0372776
-0.0194561
-0.0393977
-0.018336
-0.0364278
-0.0191986
-0.0366831
-0.0159176
-0.0378612
-0.0184605
-0.0386724
-0.0182888
-0.0352561
-0.0177759
-0.0385801
-0.015615
-0.0353205
-0.016924
-0.0366016
-0.0161451
-0.0357154
-0.0169626
-0.0358613
-0.0167009
-0.0359707
-0.0188789
-0.0358742
-0.0142224
-0.0343828
-0.0176107
-0.0360115
-0.0151708
-0.0339922
-0.0151644
-0.0359214
-0.0156108
-0.0341553
-0.0165463
-0.0332669
-0.0145958
-0.0333678
-0.0140207
-0.0345866
-0.0127503
-0.0325738
-0.0148211
-0.0332068
-0.0135314
-0.0311361
-0.0134263
-0.0342068
-0.0129692
-0.0313786
-0.0145207
-0.0320352
-0.0123104
-0.0313314
-0.0126516
-0.0325502
-0.0120422
-0.0309537
-0.0147631
-0.0319751
-0.0115958
-0.031046
-0.0128211
-0.0323871
-0.0118448
-0.0283465
-0.0119048
-0.0322584
-0.0106002
-0.0294065
-0.0126602
-0.0292391
-0.0118126
-0.0285653
-0.0108147
-0.0304516
-0.00808306
-0.0292263
-0.0101667
-0.029973
-0.0079307
-0.0299473
-0.00952293
-0.0293464
-0.00909161
-0.0281619
-0.0106903
-0.0303829
-0.00910387
-0.0263309
-0.00883992
-0.0285991
-0.00641939
-0.0263652
-0.00883563
-0.0283694
-0.00688289
-0.025185
-0.00815754
-0.0272128
-0.00588078
-0.0267665
-0.00875624
-0.0265862
-0.00707173
-0.0265583
-0.0083335
-0.0253009
-0.0064108
-0.0249768
-0.00736357
-0.0242451
-0.00527135
-0.0235455
-0.00601167
-0.0242944
-0.00443661
-0.0239296
-0.00602455
-0.0235048
-0.00429713
-0.0216293
-0.00364693
-0.0229747
-0.00251177
-0.0217688
-0.00483359
-0.0220348
-0.00261906
-0.021904
-0.0037392
-0.0227473
-0.000895931
-0.0208181
-0.00286369
-0.0204018
-0.0013015
-0.0204641
-0.001559
-0.0206357
-0.0017414
-0.0193697
-0.0024946
-0.0200521
0.00152246
-0.0205671
-0.000589072
-0.0183397
0.000808004
-0.0161486
5.48054e-05
-0.0186378
0.00448816
-0.0171722
0.000668523
-0.0158933
0.0030161
-0.0166915
0.00270066
-0.0171851
0.00203329
-0.0171658
0.00109555
-0.0165435
0.00262555
-0.0164233
0.0027586
-0.0171207
0.00356329
-0.0151744
0.00339377
-0.0152474
0.0051448
-0.0142431
0.0047006
-0.0155671
0.0049109
-0.0138242
0.00552075
-0.0144894
0.00659386
-0.0135344
0.0046497
-0.0147918
0.00656167
-0.0136846
0.00684707
-0.0131975
0.00605954
-0.0111095
0.0048836
-0.0116589
0.00769039
-0.0112512
0.00635137
-0.0126717
0.00772473
-0.01097
0.00572478
-0.012691
0.00869251
-0.0103692
0.00751229
-0.0105237
0.00867964
-0.00957524
0.00742002
-0.0114486
0.00882341
-0.00998939
0.00900796
-0.00980699
0.00970965
-0.0100087
0.00851655
-0.0106053
0.0116195
-0.00815253
0.00890281
-0.00887139
0.0107397
-0.00781563
0.010244
-0.0092834
0.0117139
-0.00645729
0.0109907
-0.0083757
0.0109714
-0.00614185
0.00967747
-0.00775983
0.0121216
-0.0066869
0.0116903
-0.00689076
0.0130765
-0.00567405
0.0109242
-0.00678132
0.0130229
-0.00670621
0.0125679
-0.0062191
0.0146344
-0.00507321
0.0122396
-0.0057277
0.0161022
-0.00466764
0.0142224
-0.00541226
0.0154541
-0.00417409
0.0130915
-0.00493942
0.0159699
-0.0031326
0.0146738
-0.00328281
0.0143133
-0.00193735
0.0134056
-0.00472483
0.0160557
-0.00290728
0.0157102
-0.00188156
0.0156759
-0.00278926
0.0169012
-0.00381498
0.0185385
-0.00169272
0.0159763
-0.0029781
0.0174634
0.00029864
0.0180128
-0.00273132
0.0179977
0.001981
0.0153626
-0.00121419
0.0193904
-7.47405e-05
0.0186501
-0.000750688
0.0205341
0.000798627
0.0189205
-0.000570435
0.0199655
0.00130934
0.0191114
0.000556144
0.0203711
0.00196812
0.02012
0.0012514
0.0213303
0.00229
0.0207895
0.003717
0.0225062
0.00510016
0.0206276
0.00182128
0.0235954
0.00268607
0.0209495
0.00382767
0.0241383
0.00385556
0.02384
0.00356802
0.0234001
0.00569028
0.0230696
0.00608082
0.0243786
0.00556796
0.0238357
0.00579972
0.0256576
0.00812369
0.0250224
0.00453366
0.0252734
0.00812798
0.0224366
0.00452936
0.0266382
0.00679325
0.0252477
0.00614949
0.0265009
0.00809794
0.0253485
0.00653789
0.0272155
0.00818592
0.0271704
0.00666665
0.0274365
0.00968802
0.025194
0.00672244
0.0276682
0.00914297
0.028091
0.0085829
0.0279322
0.00991334
0.0269612
0.0083973
0.0295963
0.0104123
0.0261887
0.00988653
0.0286478
0.00835223
0.0284611
0.00957752
0.0296907
0.0104659
0.0283388
0.00973592
0.0300079
0.0113153
0.0293298
0.0110664
0.0293084
0.0110041
0.0293878
0.00939473
0.0320443
0.0122101
0.0292333
0.0120685
0.0313984
0.0121243
0.0296925
0.0112187
0.0316967
0.0117444
0.0302053
0.011311
0.0306667
0.0112767
0.0307826
0.0118217
0.0326538
0.0127037
0.0303384
0.0116157
0.0322181
0.0131356
0.0304356
0.0121335
0.0313647
0.0141227
0.0320214
0.0107816
0.0328547
0.0138789
0.0322003
0.0120935
0.0320221
0.0140913
0.0317582
0.0127222
0.0331809
0.014381
0.0315501
0.0142265
0.0328869
0.0143424
0.0312496
0.0132716
0.0347517
0.0160011
0.032608
0.014911
0.0343032
0.0161728
0.0320206
0.0142743
0.0339068
0.0178836
0.0336278
0.0147056
0.0350849
0.0163429
0.034336
0.0169352
0.0353767
0.0153923
0.0336536
0.0160189
0.0354711
0.017639
0.0345763
0.0168386
0.0358037
0.0186304
0.0351943
0.0180682
0.0351106
0.0176733
0.0339261
0.0161305
0.0355634
0.0159051
0.0352973
0.0176454
0.0363338
0.0177441
0.0353231
0.0166219
0.0370591
0.0182913
0.0350591
0.0174158
0.0361578
0.0192532
0.0355918
0.0173649
0.0362485
0.0178112
0.0364266
0.0178885
0.0359867
0.0188155
0.0354588
0.0187404
0.0373879
0.0183026
0.0359481
0.018588
0.0376369
0.0195987
0.037506
0.0180451
0.0387656
0.0178112
0.0361905
0.0182554
0.0405853
0.0208304
0.0369094
0.0183434
0.0391025
0.0204098
0.036712
0.0182618
0.0401582
0.0209163
0.0377999
0.0208734
0.0394222
0.022854
0.0385167
0.0186631
0.0394694
0.0214828
0.038418
0.0209034
0.0391218
0.0206631
0.0386497
0.0178391
0.0401218
0.0222703
0.0385853
0.0204163
0.0392999
0.0212103
0.0392441
0.0202489
0.0403514
0.0211158
0.0395445
0.0203862
0.0397462
0.0218712
0.038654
0.0207789
0.0402162
0.0223926
0.0386604
0.0213948
0.0410209
0.0230192
0.0387827
0.0212167
0.0411539
0.0214914
0.0403642
0.0225171
0.0402655
0.0233561
0.0405853
0.0219184
0.0424929
0.0229656
0.0423792
0.020721
0.0401239
0.0243218
0.0402849
0.0200257
0.042759
0.0225364
0.0415938
0.0229248
0.0412033
0.0244784
0.0406346
0.0204163
0.0416496
0.0234248
0.0404436
0.0221244
0.0410381
0.0232188
0.0408192
0.0221094
0.0428706
0.0234377
0.0404029
0.0208562
0.0408342
0.0222446
0.041744
0.022678
0.0424565
0.0220643
0.0401021
0.0224995
0.0418252
0.0225339
0.0407716
0.0221712
0.0425011
0.0229158
0.0417587
0.0226047
0.0421535
0.0230274
0.0399059
0.0244084
0.0432727
0.0232261
0.0416569
0.0238269
0.042614
0.02399
0.0411955
0.0232132
0.0432599
0.0234385
0.0410625
0.0224128
0.0427427
0.0237089
0.0421762
0.0225887
0.0431032
0.024402
0.0412492
0.0234621
0.0421526
0.0241123
0.0413157
0.021518
0.0409938
0.0230072
0.0408801
0.0240286
0.0428865
0.023211
0.0424723
0.0215566
0.0422835
0.0230522
0.0406741
0.0242647
0.0411097
0.025505
0.041335
0.0216896
0.0421547
0.022902
0.0414595
0.0215888
0.0423071
0.0224063
0.0405925
0.0219643
0.0416655
0.0236402
0.0390926
0.0200716
0.0416655
0.0208613
0.0390218
0.0222776
0.0411462
0.0219621
0.0386205
0.0202412
0.041908
0.0229342
0.0392407
0.0199193
0.0412299
0.0221124
0.0414831
0.021636
0.0395926
0.0218463
0.0390411
0.0219021
0.0400926
0.0217776
0.0376881
0.0196306
0.0402138
0.0209933
0.0405421
0.0190319
0.0400979
0.0225168
0.03801
0.0215233
0.0415185
0.0212036
0.039967
0.0186307
0.0391623
0.0209654
0.038422
0.0198881
0.0400636
0.0203881
0.0397546
0.0204203
0.0402267
0.020607
0.0373383
0.019974
0.0417524
0.0208237
0.0386108
0.0192487
0.0387567
0.0213366
0.0374027
0.017517
0.0395014
0.0190513
0.037583
0.0206177
0.0385507
0.0185148
0.0358534
0.0185169
0.0371967
0.0188431
0.0364521
0.0193324
0.0368598
0.0198645
0.0357332
0.0193004
0.0377849
0.0190172
0.036079
0.0168413
0.0374652
0.0185794
0.0373128
0.0188326
0.0373751
0.0193734
0.0352035
0.0171868
0.0384143
0.0182646
0.036541
0.0178397
0.0368285
0.0192453
0.0368435
0.0159707
0.0372641
0.0187753
0.036262
0.0163441
0.0367105
0.0175307
0.0350152
0.0160458
0.036277
0.0172904
0.035541
0.0152647
0.0345947
0.0155286
0.0349895
0.015651
0.0345517
0.0170715
0.0342706
0.0144385
0.0351161
0.0155415
0.0332621
0.0139386
0.0331162
0.0153141
0.033202
0.0140072
0.0326355
0.0161638
0.0323501
0.0138742
0.0333243
0.0143227
0.0320067
0.0139965
0.03332
0.0139656
0.0329114
0.0131458
0.032729
0.014075
0.031787
0.0130643
0.0343019
0.0149291
0.032229
0.0128433
0.0319265
0.0137574
0.0314909
0.014678
0.0317376
0.0138669
0.030802
0.0117403
0.033053
0.0141308
0.0312612
0.01306
0.0320853
0.0131973
0.0313428
0.012412
0.0318771
0.0133368
0.0290124
0.0102446
0.0319179
0.0127982
0.03086
0.0107725
0.0317484
0.0128497
0.0301154
0.0115794
0.0313946
0.0106657
0.029648
0.0101335
0.0306823
0.0118931
0.0290515
0.00885886
0.0298519
0.0114361
0.027558
0.00897481
0.03053
0.0119876
0.0289056
0.00829887
0.0288348
0.00996406
0.0299721
0.0101765
0.0298712
0.0104941
0.0281696
0.00961643
0.0288305
0.00957566
0.0283091
0.00996191
0.0308047
0.0083847
0.0256825
0.00790832
0.0275344
0.00931815
0.0279893
0.00802205
0.0274121
0.00878598
0.0273048
0.0069298
0.0271975
0.00906065
0.0276846
0.00754781
0.0273541
0.00876023
0.0262447
0.0079963
0.0275559
0.00722593
0.0251654
0.00701778
0.026925
0.00820874
0.0255473
0.00693839
0.0263713
0.00850487
0.0255473
0.00704916
0.0265808
0.00584318
0.0233019
0.00565005
0.025804
0.00801694
0.0234521
0.00688178
0.024789
0.00581528
0.0235873
0.00511359
0.0240637
0.00462004
0.0226646
0.00337329
0.0252075
0.00443978
0.0230015
0.00332608
0.023553
0.00556207
0.0229329
0.00306428
0.0225893
0.00437302
0.0217395
0.00307262
0.0217502
0.00530432
0.0208254
0.00217565
0.0234841
0.00239453
0.0214841
0.00272499
0.0222073
0.00285374
0.0209262
-0.000867187
0.0209219
0.00133876
0.0190722
0.0010877
0.0198769
0.000951058
0.0195042
0.00124075
0.021163
0.000637762
0.0193411
-0.000817135
0.0205879
0.00244243
0.0191845
-0.00147806
0.0189892
-0.000263502
0.0179699
-0.000613278
0.0190858
-0.000192688
0.0191609
-8.96864e-05
0.0195621
0.000251506
0.0175665
-0.00234499
0.0181115
0.000395279
0.0187939
-0.00210251
0.0197059
-0.000503838
0.0165365
-0.00259391
0.0177682
-0.00287287
0.0155451
-0.0034544
0.0188047
-0.00308317
0.0158326
-0.00342222
0.0155108
-0.00245658
0.0148906
-0.00464965
0.0155086
-0.00246087
0.0127512
-0.00464536
0.0147382
-0.00354024
0.0131181
-0.00458945
0.0148135
-0.00503793
0.0118758
-0.00523964
0.0151439
-0.00521819
0.0123865
-0.00593061
0.0126697
-0.00526325
0.0121097
-0.00672029
0.0144465
-0.00524608
0.0123414
-0.00715376
0.0130088
-0.00589394
0.0119124
-0.0074969
0.0120541
-0.00780376
0.0108612
-0.0085803
0.0129642
-0.00855025
0.00902867
-0.00731209
0.0117089
-0.00601169
0.0103698
-0.00970687
0.0122711
-0.00696231
0.010475
-0.0089923
0.00946858
-0.00769835
0.0094042
-0.00996009
0.00977544
-0.00918543
0.00840423
-0.00779276
0.00963381
-0.00848053
0.00874647
-0.0107723
0.00998893
-0.00910284
0.007798
-0.00994831
0.0111241
-0.00796553
0.00831301
-0.0108732
0.0100748
-0.00874018
0.00633881
-0.0113002
0.00772289
-0.00967578
0.00640104
-0.0111951
0.00866278
-0.00967149
0.00726772
-0.0113841
0.00754239
-0.0115301
0.00650594
-0.0116309
0.00700378
-0.0115065
0.00550811
-0.0151652
0.00635788
-0.0129056
0.00551026
-0.0129206
0.0077205
-0.0138519
0.00522271
-0.013603
0.00571626
-0.0117811
0.00451221
-0.0138671
0.00517099
-0.0131204
0.00382768
-0.0149207
0.00529974
-0.0142899
0.00257235
-0.0157169
0.00429977
-0.0142856
0.00205519
-0.0164722
0.0037633
-0.0157297
0.00230277
-0.0152011
0.00320608
-0.0154801
0.00119541
-0.0172826
0.00373182
-0.0164973
0.00225332
-0.0155144
0.00270181
-0.0165745
0.00199152
-0.0181667
0.00142716
-0.0168041
0.000802715
-0.0168277
0.00124691
-0.0158964
0.000957217
-0.0210894
0.00166535
-0.0160917
-0.000600681
-0.0183985
0.000970092
-0.0164543
0.00140141
-0.0188985
0.00210096
-0.0183234
-0.00138821
-0.0192032
0.000131059
-0.018832
-0.00147983
-0.0206531
-0.000591443
-0.0188485
-0.00250992
-0.0216532
-0.00153785
-0.0197112
-0.00254211
-0.0218334
-0.00109151
-0.0192176
-0.00301635
-0.0220394
-0.00118378
-0.0206875
-0.00302708
-0.0236682
-0.00265369
-0.0210223
-0.0019756
-0.0228291
-0.00224169
-0.0223613
-0.00324166
-0.0220566
-0.00416653
-0.0210631
-0.00431459
-0.0224944
-0.00336827
-0.0223184
-0.00372448
-0.024136
-0.00318802
-0.0234428
-0.00506779
-0.0227841
-0.00186324
-0.0215473
-0.00489535
-0.024221
-0.00323874
-0.0232897
-0.00417434
-0.0247961
-0.00341041
-0.0229399
-0.00544898
-0.0245493
-0.00462283
-0.0224979
-0.00545971
-0.0247789
-0.00512067
-0.0231974
-0.00574726
-0.0250686
-0.00564211
-0.0241459
-0.00659273
-0.0247918
-0.00511638
-0.0247789
-0.00568718
-0.0250043
-0.00494471
-0.0231009
-0.00705838
-0.0247103
-0.00442755
-0.0245622
-0.00472797
-0.0253755
-0.00513998
-0.0253176
-0.00720216
-0.0278926
-0.00566786
-0.0243154
-0.00833088
-0.0259077
-0.00585026
-0.0243305
-0.00703478
-0.0263798
-0.00518075
-0.023809
-0.0085047
-0.026118
-0.00701761
-0.0261158
-0.00813312
-0.0271948
-0.00645941
-0.0259889
-0.00796151
-0.0257464
-0.0078907
-0.0276048
-0.00891213
-0.0280296
-0.0074508
-0.0265984
-0.00920826
-0.0268795
-0.00892715
-0.0259975
-0.00959881
-0.0280275
-0.00836708
-0.0268387
-0.0111116
-0.0286734
-0.00855377
-0.0269267
-0.0105344
-0.0297678
-0.00824477
-0.026843
-0.0094486
-0.0302807
-0.00910526
-0.0287807
-0.0110129
-0.030315
-0.0097855
-0.0280511
-0.009528
-0.0308665
-0.0106245
-0.0290315
-0.0121414
-0.0312804
-0.00971445
-0.0292719
-0.0113281
-0.0291946
-0.0104548
-0.0293083
-0.0109934
-0.0304585
-0.0109762
-0.029156
-0.0111136
-0.0297053
-0.0110663
-0.0302654
-0.0116178
-0.0310036
-0.0119483
-0.0294049
-0.0123989
-0.0303362
-0.0109612
-0.0302246
-0.0123861
-0.0303963
-0.0104676
-0.0294478
-0.0128324
-0.0309757
-0.010811
-0.0323126
-0.0128491
-0.0317478
-0.0105702
-0.0292585
-0.0127851
-0.0307889
-0.0114053
-0.0307825
-0.0128881
-0.0319455
-0.00995471
-0.0303941
-0.0127358
-0.0317245
-0.0122508
-0.0287568
-0.0119826
-0.031085
-0.011798
-0.0309735
-0.0132036
-0.0326387
-0.0108689
-0.0308511
-0.0122229
-0.0316279
-0.0111392
-0.0309155
-0.0130319
-0.0314262
-0.0110105
-0.0297761
-0.0122057
-0.0321666
-0.012328
-0.0306344
-0.0128774
-0.0316537
-0.012828
-0.0306988
-0.0129954
-0.0320893
-0.0110491
-0.0307481
-0.0142443
-0.0327095
-0.011459
-0.0328747
-0.0138623
-0.0329455
-0.0127551
-0.0314134
-0.0144288
-0.03154
-0.0123667
-0.0325807
-0.0131757
-0.0325635
-0.0136027
-0.0315614
-0.0146263
-0.0330099
-0.0133559
-0.0321988
-0.015313
-0.0349125
-0.0127908
-0.0314663
-0.0147478
-0.0338203
-0.0131813
-0.0308139
-0.0145955
-0.0336379
-0.0132221
-0.0324855
-0.0134818
-0.0334732
-0.0143492
-0.031072
-0.014208
-0.0332054
-0.0120729
-0.0326432
-0.0141308
-0.0321153
-0.0139098
-0.0319286
-0.0142939
-0.0330895
-0.0112103
-0.0330165
-0.0147359
-0.0317827
-0.0130235
-0.0326002
-0.016562
-0.034362
-0.0135578
-0.0314951
-0.0142102
-0.0328985
-0.0129205
-0.0338942
-0.0154398
-0.0332676
-0.0146737
-0.0333127
-0.014811
-0.0334972
-0.0127574
-0.0326882
-0.0153174
-0.0354607
-0.0130171
-0.0326389
-0.0144741
-0.0337826
-0.0142231
-0.032229
-0.0139913
-0.0326796
-0.0126673
-0.031435
-0.0135299
-0.0331968
-0.0126394
-0.0327655
-0.0149651
-0.0318895
-0.0139523
-0.0320591
-0.015023
-0.0335376
-0.0138965
-0.0320741
-0.0140445
-0.0316127
-0.0123514
-0.0325118
-0.0145188
-0.0333359
-0.0134265
-0.0324882
-0.0145552
-0.0340225
-0.0128879
-0.032293
-0.0140016
-0.033118
-0.0133374
-0.0323369
-0.0152837
-0.0334871
-0.0117151
-0.0318798
-0.0149769
-0.0331202
-0.0128095
-0.0325858
-0.0135971
-0.0337425
-0.0128095
-0.0311417
-0.0148996
-0.0342231
-0.0117066
-0.0315408
-0.0156356
-0.032897
-0.0126872
-0.0310859
-0.0152172
-0.0329485
-0.0128503
-0.0317296
-0.0134147
-0.0324528
-0.0127988
-0.0322189
-0.0137923
-0.0321524
-0.0127752
-0.0302983
-0.0142194
-0.0318627
-0.0128589
-0.0314056
-0.0132473
-0.0320301
-0.0123117
-0.0313284
-0.0141722
-0.0325172
-0.0103826
-0.0316052
-0.0130949
-0.0314914
-0.0122259
-0.0313198
-0.0120392
-0.0326824
-0.0123181
-0.0307318
-0.013979
-0.0319399
-0.010223
-0.0303727
-0.0137508
-0.0329318
-0.0111169
-0.0283482
-0.0136726
-0.0315177
-0.009956
-0.0309275
-0.0110955
-0.0308353
-0.0106556
-0.0300499
-0.0107864
-0.0312194
-0.0112027
-0.0295821
-0.012619
-0.0301336
-0.0119023
-0.0285006
-0.0110676
-0.0299254
-0.0119838
-0.0299619
-0.0118014
-0.0312258
-0.0109179
-0.0295654
-0.0133148
-0.03284
-0.0108921
-0.0285302
-0.0122237
-0.0290237
-0.00907789
-0.0297512
-0.0116229
-0.0300687
-0.0109148
-0.0278521
-0.0116744
-0.0298949
-0.00809938
-0.0296782
-0.0108783
-0.028837
-0.00901351
-0.0292791
-0.0119684
-0.0301975
-0.00968088
-0.0284765
-0.01158
-0.0306653
-0.00911652
-0.0291439
-0.0116315
-0.030837
-0.00917231
-0.0297219
-0.0117138
-0.0293034
-0.00992199
-0.0297004
-0.0095765
-0.0303721
-0.00888553
-0.0270825
-0.0111473
-0.0280202
-0.00926535
-0.027076
-0.00934046
-0.0274966
-0.00884476
-0.0265224
-0.0106044
-0.0290631
-0.00746497
-0.0277112
-0.0104413
-0.0278721
-0.00903789
-0.0260464
-0.00890738
-0.0274884
-0.00818422
-0.0273489
-0.00949964
-0.0268447
-0.00701687
-0.0254928
-0.0074954
-0.0284476
-0.00595252
-0.0259434
-0.00824002
-0.0255614
-0.00567141
-0.0253747
-0.00831083
-0.024761
-0.00687954
-0.0243941
-0.0078323
-0.0252675
-0.00569073
-0.0262309
-0.00738811
-0.02604
-0.00464569
-0.0248512
-0.00625294
-0.0258983
-0.00554052
-0.024761
-0.00756407
-0.0252031
-0.00424871
-0.0255915
-0.00711129
-0.0265206
-0.0048989
-0.0249928
-0.00622505
-0.0257567
-0.00476586
-0.0232482
-0.00633663
-0.0252825
-0.0042015
-0.0233448
-0.00625509
-0.024525
-0.00527014
-0.0229199
-0.00340538
-0.0233576
-0.00446917
-0.0224751
-0.00510435
-0.0224644
-0.00384043
-0.0217884
-0.00382112
-0.0242347
-0.00362799
-0.0221683
-0.00540048
-0.0226618
-0.00473311
-0.0210674
-0.00434042
-0.0232691
-0.00209155
-0.0230438
-0.00427604
-0.021458
-0.00362585
-0.0209622
-0.00249492
-0.0210738
-0.00223527
-0.0217884
-0.00345842
-0.0225051
-0.00210437
-0.0217283
-0.0021709
-0.0220008
-9.36992e-05
-0.0216682
-0.0040099
-0.0207627
-0.0023769
-0.0202326
-0.00176962
-0.0217111
0.000496414
-0.0193013
-0.00178418
-0.0197086
-0.000513827
-0.0182322
-0.00224125
-0.0211377
0.000486146
-0.0183567
-0.00162324
-0.0199833
0.000250101
-0.0188309
-0.00102669
-0.0197966
8.91607e-05
-0.0182
0.000576272
-0.0179726
0.000664253
-0.0174254
0.000657815
-0.0188996
0.000853089
-0.0171035
0.000636356
-0.0184018
0.00168354
-0.0157709
0.000829484
-0.0177988
0.00213632
-0.0151443
0.00236592
-0.0181829
0.00400107
-0.016297
0.000769089
