 -9999 -46.8867 -9999 -48
 -9999 -48.0781 -9999 -48
 -9999 -47.8772 -9999 -48
 0.491455 -48.0625 4 -48
 -9999 -51.3098 -9999 -52
 -9999 -48.0554 -9999 -52
 -1.54956 -49.0286 0 -48
 -9999 -47.98 -9999 -48
 0.0817871 -48.8906 0 -48
 0.910156 -50.0959 0 -48
 0.0187988 -49.6902 0 -48
 -9999 -49.6406 -9999 -52
 0.635254 -49.7083 0 -48
 -9999 -49.561 -9999 -52
 1.9126 -48.7671 4 -48
 -9999 -48.8848 -9999 -48
 -9999 -49.5791 -9999 -48
 -9999 -46.9231 -9999 -48
 -9999 -51.5288 -9999 -48
 0.188721 -48.6487 0 -48
 -9999 -47.5989 -9999 -48
 -9999 -48.146 -9999 -48
 -9999 -51.2991 -9999 -52
 2.18164 -46.002 0 -48
 -9999 -48.3374 -9999 -48
 0.503418 -46.4692 4 -44
 -9999 -48.3167 -9999 -48
 -9999 -51.4072 -9999 -52
 -9999 -47.2441 -9999 -48
 -9999 -49.8088 -9999 -52
 -9999 -50.1638 -9999 -52
 -0.166748 -48.3354 0 -48
 -1.72583 -51.4949 0 -52
 0.477783 -47.7097 0 -48
 -1.1377 -49.3022 0 -48
 -9999 -48.4187 -9999 -48
 -0.733887 -47.8174 0 -48
 -9999 -47.238 -9999 -48
 -9999 -48.8804 -9999 -48
 -9999 -48.0415 -9999 -48
 2.94775 -47.4712 4 -48
 -2.12598 -49.4177 -4 -52
 -9999 -48.8374 -9999 -48
 0.551758 -47.4197 0 -48
 -9999 -48.8425 -9999 -48
 -0.963379 -51.2712 0 -52
 -9999 -44.3379 -9999 -48
 0.344238 -48.1211 -4 -52
 -1.18896 -48.7236 0 -48
 -9999 -48.1423 -9999 -48
 -9999 -48.9021 -9999 -48
 -9999 -49.5815 -9999 -48
 -9999 -49.8711 -9999 -52
 -9999 -49.1758 -9999 -48
 -0.0710449 -49.7336 0 -48
 -9999 -49.3552 -9999 -48
 -9999 -49.3357 -9999 -48
 -9999 -50.1943 -9999 -48
 0.46582 -47.166 0 -48
 0.589355 -47.2446 0 -48
 -9999 -48.0247 -9999 -48
 -9999 -48.9351 -9999 -48
 -9999 -47.9785 -9999 -52
 1.76709 -48.5037 4 -48
 -0.177979 -50.4092 0 -48
 -9999 -46.6157 -9999 -48
 -0.90918 -48.7451 -4 -52
 1.01196 -9999 4 -9999
 0.86084 -48.2756 4 -48
 -9999 -49.3828 -9999 -48
 0.2146 -50.1655 0 -52
 -0.145996 -49.4429 0 -48
 -0.587158 -49.2888 0 -48
 -9999 -49.4778 -9999 -48
 -9999 -50.8794 -9999 -48
 -9999 -45.6809 -9999 -48
 2.5293 -49.5635 0 -52
 -0.852051 -48.4524 0 -48
 -9999 -52.0085 -9999 -48
 -9999 -49.5237 -9999 -48
 -9999 -49.3193 -9999 -48
 0.176514 -49.6345 0 -48
 2.99829 -48.4507 4 -48
 -9999 -46.9319 -9999 -48
 -9999 -52.0361 -9999 -52
 -9999 -49.5381 -9999 -48
 -9999 -49.2349 -9999 -48
 -9999 -50.6533 -9999 -52
 -9999 -50.8967 -9999 -48
 -9999 -51.9702 -9999 -48
 -9999 -49.0991 -9999 -52
 -0.700684 -49.8811 -4 -52
 0.528076 -48.9211 0 -48
 -1.69702 -49.9563 0 -48
 -9999 -47.0007 -9999 -48
 0.736084 -47.5491 0 -48
 -9999 -49.2886 -9999 -48
 -9999 -51.866 -9999 -52
 -9999 -50.2905 -9999 -52
 -9999 -51.5959 -9999 -52
 1.48657 -49.9011 0 -48
 1.06372 -9999 4 -9999
 -9999 -49.0132 -9999 -48
 -9999 -48.918 -9999 -48
 -9999 -49.9685 -9999 -52
 -9999 -48.9678 -9999 -48
 0.310791 -51.4058 0 -52
 -9999 -50.0657 -9999 -48
 -9999 -47.3164 -9999 -48
 -0.00952148 -49.5332 0 -48
 -0.334473 -49.2495 0 -52
 -9999 -49.5347 -9999 -52
 -9999 -49.9663 -9999 -48
 -9999 -50.0764 -9999 -52
 -0.13501 -50.2656 0 -48
 -9999 -47.5461 -9999 -48
 -0.499756 -48.7131 0 -48
 -0.908203 -49.375 0 -48
 -1.1665 -48.7998 0 -48
 -9999 -49.8752 -9999 -52
 2.52612 -48.022 0 -48
 -9999 -48.9202 -9999 -48
 -9999 -47.3967 -9999 -48
 1.52588 -46.9255 0 -48
 2.30396 -47.7451 0 -52
 -9999 -48.5 -9999 -48
 -3.83398 -51.3247 -4 -52
 -1.53687 -48.8191 -4 -52
 0.368896 -49.5767 0 -48
 -9999 -49.5273 -9999 -52
 -9999 -50.2629 -9999 -52
 0.459473 -48.0715 -4 -52
 -0.134766 -49.8152 0 -48
 -9999 -50.4246 -9999 -52
 -9999 -50.447 -9999 -52
