0
0
0
0
0
0
0
0
0
0
0
0
0
0
0
0
0
0
0
0
0
0
0
0
0
0
0
0
0
0
0
0
0
0
0
0
0
0
0
0
0
0
0
0
0
0
0
0
0
0
0
0
0
0
0
0
0
0
0
0
0
0
0
0
0
0
0
0
0
0
0
0
0
0
0
0
0
0
0
0
0
0
0
0
0
0
0
0
0
0
0
0
0
0
0
0
0
0
0
0
0
0
0
0
0
0
0
0
0
0
0
0
0
0
0
0
0
0
0
0
0
0
0
0
0
0
0
0
0
0
0
0
0
0
0
0
0
0
0
0
0
0
0
0
0
0
-0.003519062
-0.0002932551
-0.006451613
0.00117302
-0.0313783
0.001759534
-0.05542522
0.01759531
-0.06363636
0.01554252
-0.05395894
0.02580646
-0.0340176
0.00967742
-0.07771257
0.02082111
-0.05337244
0.003225805
-0.03607036
0.01671554
-0.02668623
-0.004105569
-0.04604107
0.01671554
-0.05014661
0.01847507
-0.05513196
0.005571849
-0.05014661
0.008504394
-0.07771257
0.0143695
-0.0580645
0.02140761
-0.04956011
-0.01026393
-0.0542522
0.01671554
-0.03782993
0.008504394
-0.04926686
0.006451611
-0.07741934
0.01671555
-0.04340175
0.02991201
-0.0495601
0.02844574
-0.02434018
0.0510264
-0.02609971
0.08621704
0.2689148
1.30176
2.841056
4.931378
6.092377
6.868329
7.23783
7.492078
7.564807
7.617004
7.482406
7.463341
7.322291
7.257475
7.030499
6.956892
6.776834
6.664515
6.473316
6.363052
6.146922
6.031673
5.798241
5.690617
5.494137
5.426395
5.225218
5.154546
4.950441
4.814664
4.526688
4.448681
4.226394
4.186804
3.978593
3.9522
3.775367
3.745454
3.594722
3.543989
3.422288
3.406746
3.269501
3.233139
3.095601
3.071261
2.9739
2.917303
2.817889
2.826393
2.68739
2.72346
2.573606
2.564517
2.449267
2.424634
2.332258
2.313197
2.211731
2.201173
2.106745
2.12346
2.021114
1.999414
1.891494
1.902053
1.787097
1.821408
1.706159
1.724048
1.616423
1.634604
1.52698
1.54868
1.449267
1.466569
1.378006
1.406157
1.330205
1.342521
1.256305
1.274779
1.195015
1.23871
1.130206
1.167156
1.084164
1.109091
1.036071
1.056305
0.974487
1.01349
0.9161292
0.9692084
0.8736072
0.8976544
0.8375368
0.8835778
0.8026394
0.8771259
0.7683284
0.8076247
0.7372436
0.7780057
0.6832845
0.777126
0.6821116
0.6982406
0.66217
0.67566
0.5686219
0.6463342
0.5642229
0.6170086
0.5319648
0.5750734
0.5398828
0.5651029
0.4862169
0.5434017
0.4372434
0.4917891
0.4404692
0.4557186
0.4017596
0.4709679
0.375953
0.4108504
0.357478
0.4134897
0.326393
0.4032258
0.3137829
0.3885632
0.2982405
0.3170088
0.3123167
0.3278592
0.2504399
0.3149561
0.2454545
0.2818182
0.2378298
0.2803519
0.228739
0.2947215
0.248387
0.2639295
0.1944281
0.2466277
0.2155426
0.2260998
0.05953079
0.01378299
0.004105572
-0.0005865103
0
0
0
0
0
0
0
0
0
0
0
0
0
0
0
0
0
0
0
0
0
0
0
0
0
0
0
0
0
0
0
0
0
0
0
0
0
0
0
0
0
0
0
0
0
0
