0
0
0
0
0
0
0
0
0
0
0
0
0
0
0
0
0
0
0
0
0
0
0
0
0
0
0
0
0
0
0
0
0
0
0
0
0
0
0
0
0
0
0
0
0
0
0
0
0
0
0
0
0
0
0
0
0
0
0
0
0
0
0
0
0
0
0
0
0
0
0
0
0
0
0
0
0
0
0
0
0
0
0
0
0
0
0
0
0
0
0
0
0
0
0
0
0
0
0
0
0
0
0
0
0
0
0
0
0
0
0
0
0
0
0
0
0
0
0
0
0
0
0
0
0
0
0
0
0
0
0
0
0
0
0
0
0
0
0
0
0
0
0
0
0
0
0
0
0.0003389831
0.00440678
-0.01016949
-0.005762713
-0.007457631
0.01322035
-0.02881356
-0.01016949
0.01016949
0.04813558
-0.01084746
-0.02101696
-0.001694914
-0.002711861
-0.02372881
0.02237287
-0.01152542
0.01423729
-0.007796607
-0.004067798
0.01966101
0.008813559
-0.0461017
-0.01898305
0.008813567
0.007796613
-0.03525424
-0.01762712
-0.02949152
0.007118648
-0.02949153
0.01152542
-0.04203392
0.01288136
-0.008474579
-0.002033903
0.001355928
-0.005762715
0.01288135
0.01830508
0.009491533
0.02542373
0.01355932
0.01050848
-0.01355932
-0.02338984
0.002372881
-0.0281356
-0.01423729
0.03661015
0.2345763
1.607797
4.138982
6.788817
8.575253
9.59695
10.1844
10.58474
10.65051
10.6722
10.57627
10.4878
10.33424
10.16169
9.95627
9.755252
9.525084
9.330513
9.106104
8.888137
8.618644
8.454915
8.203047
8.020342
7.820678
7.601697
7.457288
7.423729
7.283055
7.097629
6.868135
6.718644
6.497964
6.354239
6.161018
6.004408
5.858643
5.673218
5.527117
5.364067
5.2261
5.100338
4.961693
4.803051
4.685762
4.601355
4.439997
4.325422
4.241353
4.098305
3.988137
3.887795
3.807118
3.687798
3.615254
3.513898
3.386101
3.321017
3.257967
3.165424
3.070848
3.005424
2.921695
2.826442
2.75051
2.669492
2.628813
2.548814
2.491864
2.363389
2.324068
2.268135
2.219661
2.13051
2.072882
2.062372
1.974577
1.950169
1.882712
1.82305
1.797967
1.730848
1.664407
1.664406
1.634237
1.553899
1.485423
1.49322
1.417966
1.369492
1.334576
1.298644
1.244068
1.257627
1.168814
1.144407
1.141356
1.088814
1.071865
1.075254
1.014576
0.9766106
0.9291527
0.8959321
0.8718647
0.8294917
0.8196611
0.8138985
0.7955935
0.7769496
0.720678
0.7389833
0.684407
0.7274578
0.6728817
0.6901697
0.6145765
0.5969493
0.6183051
0.5935595
0.5661019
0.5772883
0.5789831
0.5562714
0.5410174
0.4962714
0.4972882
0.4816949
0.5047459
0.4769492
0.4844069
0.4545763
0.4606782
0.4257626
0.42339
0.4054238
0.4216949
0.4084746
0.3647457
0.3881356
0.3691525
0.3494915
0.302712
0.3505086
0.342712
0.3345762
0.3071185
0.3233898
0.2966101
0.2667797
0.2552542
0.2461016
0.1054237
0.01016949
0.01118644
0.003050847
0.001694915
0
0
0
0
0
0
0
0
0
0
0
0
0
0
0
0
0
0
0
0
0
0
0
0
0
0
0
0
0
0
0
0
0
0
0
0
0
0
0
0
0
0
0
0
0
