0
0
0
0
0
0
0
0
0
0
0
0
0
0
0
0
0
0
0
0
0
0
0
0
0
0
0
0
0
0
0
0
0
0
0
0
0
0
0
0
0
0
0
0
0
0
0
0
0
0
0
0
0
0
0
0
0
0
0
0
0
0
0
0
0
0
0
0
0
0
0
0
0
0
0
0
0
0
0
0
0
0
0
0
0
0
0
0
0
0
0
0
0
0
0
0
0
0
0
0
0
0
0
0
0
0
0
0
0
0
0
0
0
0
0
0
0
0
0
0
0
0
0
0
0
0
0
0
0
0
0
0
0
0
0
0
0
0
0
0
0
0
0
0
0
0
0
0.002884615
0.003525641
-0.0003205127
-0.03141026
0.02307693
0.01858974
0.02916667
0.0278846
0.0451923
0.002243595
0.04038462
0.01282051
0.03782052
0.008333335
0.06378207
0.02980771
0.0326923
0.025
0.06153846
-0.007051279
0.007692312
0.02115385
0.06730768
0.01666666
0.04615385
0.03173077
0.06602564
0.0125
0.03589745
0.03621794
0.05224358
0.02980769
0.02275641
0.02115385
0.03846152
0.03301282
0.03397437
0.02660257
0.04967948
0.03108974
0.0371795
0.02916666
0.03076923
0.03910256
0.02147436
0.05256411
0.04711539
0.003846146
0.07371794
0.02147436
0.0673077
0.286218
1.387499
3.373077
5.651601
6.904811
7.797112
8.311534
8.594549
8.756727
8.788138
8.769549
8.76314
8.614099
8.518907
8.379481
8.278843
8.060575
7.926604
7.770834
7.615063
7.408974
7.283974
7.106091
6.977563
6.766343
6.677886
6.471475
6.427886
6.310897
6.146794
5.946794
5.804807
5.610255
5.485897
5.312181
5.166026
4.992629
4.903204
4.765386
4.646473
4.492309
4.418911
4.308332
4.211218
4.059935
3.965385
3.83109
3.736217
3.616025
3.541345
3.481731
3.382691
3.253845
3.191987
3.070192
3.007692
2.914102
2.863781
2.740064
2.701924
2.619231
2.563782
2.473398
2.423719
2.350322
2.30641
2.232372
2.1625
2.075961
2.072116
1.95609
1.944872
1.851923
1.856731
1.779487
1.726282
1.677244
1.646474
1.576281
1.570833
1.489102
1.482692
1.390705
1.370513
1.331411
1.304167
1.241667
1.221795
1.197757
1.154166
1.132051
1.11923
1.051282
1.037821
1.005448
1.008974
0.9262822
0.8993586
0.8756405
0.9134613
0.8253206
0.8342949
0.8108978
0.7801284
0.7403846
0.7477564
0.7163463
0.7076921
0.665705
0.6669873
0.6307693
0.6275641
0.6025641
0.613141
0.5669873
0.5721152
0.5541667
0.5753204
0.5291668
0.5416667
0.4817309
0.5089747
0.4625002
0.502564
0.4676283
0.4682694
0.4320513
0.4253206
0.3881409
0.4028846
0.3746797
0.4022437
0.359936
0.3573718
0.3266025
0.3528847
0.3147435
0.338141
0.3439103
0.3317308
0.301923
0.3221154
0.2814104
0.3080128
0.2592947
0.2628205
0.2714744
0.263782
0.2836539
0.2753205
0.2096153
0.1942308
0.09519231
0.02275641
-0.007692307
0.001602564
0
0
0
0
0
0
0
0
0
0
0
0
0
0
0
0
0
0
0
0
0
0
0
0
0
0
0
0
0
0
0
0
0
0
0
0
0
0
0
0
0
0
0
0
0
0
