0
0
-1.329787E-05
9.30851E-05
1.329787E-05
-0.0001994681
-0.000212766
0.000731383
0.000824468
-0.0002925532
0.0001196809
0.000305851
0.0003191489
-2.659574E-05
0.0002526596
0.0003856384
-0.0001329787
0.0005718085
-0.0001329787
0.0004388299
0.0001196808
-0.0001329787
0.0004521277
0.0003590426
0.000212766
-0.000199468
0.0001329787
5.319148E-05
0.0008643619
0.0004920213
0.001808511
-0.0002526596
0.0009042553
-0.0009042546
9.308509E-05
0.0001196809
0.001382979
-0.001635638
-0.0007446807
0.0007978723
0.0001329788
0.001555851
0.0003457448
0.00106383
0.00162234
0.0007712767
0.00125
0.0007313829
-0.0003457446
0.001196809
0.00143617
-0.0001196809
0.0009707445
0.001249999
-0.0009973403
0.001289893
0.0007845745
-0.001223404
7.97871E-05
0.001090425
0.001781914
0.001422872
0.0004654254
0.001422872
0.0004787236
0.001117021
0.0009973402
-0.0001329787
0.0004920214
-0.001156915
-0.0001063828
-0.0004521275
0.002180851
-0.001595745
-0.001037233
0.0006117027
9.308553E-05
-0.0005319149
0.00317819
0.00136968
0.001502659
-0.001050531
0.00148936
-0.002140956
-0.0003191491
0.0004654258
0.002300529
0.001196809
0.00243351
0.001968084
0.001303192
0.001821807
-0.0003590432
0.002672872
0.001382978
0.001781914
0.003085108
0.0004787232
0.002898935
0.0050133
0.003138298
0.002327126
0.005292556
0.002659573
0.001781915
0.002180851
0.001223405
0.004787237
0.003789894
0.001449468
0.003537233
0.001329788
0.002207447
0.003563828
0.004414892
0.005013301
0.004640955
-0.0004521284
0.004401595
0.002207446
-5.319171E-05
-0.0003457459
0.00305851
0.004122342
0.001928191
0.001728723
-0.001276597
0.002154255
-0.0001063834
0.001609043
0.001050532
0.0002393623
0.0001063822
0.0008643619
-0.001023937
0.002553189
0.002406914
-0.0007978728
0.0009042552
0.001130319
-0.003098408
-0.003204789
0.0003324479
-0.003071812
-0.002845747
0.0009840431
-0.001382981
0.0005053194
-0.004029259
-0.006476017
-0.00159575
0.007500052
-0.002273963
0.004813851
-0.0006382983
-0.007978605
-0.002061205
0.001702102
0.00113031
-0.0005984112
-0.008297765
0.009388376
0.002406888
0.001742009
-0.004175551
0.0001063743
0.01091772
0.01323149
-0.006156832
0.008484115
-0.001183513
-0.002925537
0.002007961
0.005093161
0.001010616
-0.003670243
9.308427E-05
0.01365702
0.009255394
0.002021265
-0.007938729
0.01132986
0.001768593
0.01005328
0.0009973249
0.009321906
0.005279344
-0.005159576
0.008045298
-0.002047936
-0.007978695
0.007606518
-0.005718029
0.009907038
0.003949558
-0.0004255479
0.02320473
0.3640671
1.477658
3.306244
5.543663
8.061156
9.897162
11.27899
12.21644
12.80325
13.12501
13.32965
13.35136
13.2978
13.14523
12.95649
12.71766
12.46644
12.18733
11.90747
11.59872
11.32159
10.99798
10.72334
10.42176
10.12746
9.833811
9.600236
9.41809
9.211891
9.002027
8.740312
8.466084
8.201957
7.934865
7.699755
7.435701
7.219983
6.960013
6.742141
6.522601
6.321919
6.106118
5.930854
5.7485
5.556209
5.388051
5.224875
5.037908
4.888552
4.737461
4.590714
4.432498
4.301434
4.169707
4.045741
3.913368
3.781623
3.659383
3.545253
3.43991
3.325196
3.211671
3.111076
3.002045
2.915313
2.81391
2.731668
2.634702
2.561604
2.480143
2.407605
2.3159
2.259416
2.189093
2.111025
2.055598
1.99843
1.927564
1.889771
1.819576
1.776822
1.731966
1.673407
1.617034
1.590068
1.521386
1.49661
1.433552
1.403674
1.358154
1.328541
1.277745
1.252879
1.205338
1.185273
1.129238
1.122125
1.06779
1.045355
1.012507
0.9770833
0.944158
0.9170166
0.8916841
0.859422
0.8323751
0.8016294
0.7873875
0.7619472
0.7348981
0.7134358
0.6964819
0.663076
0.6479827
0.6248971
0.5893107
0.5918645
0.5775294
0.5544948
0.5298809
0.5131515
0.4977783
0.4925265
0.4741883
0.4582034
0.4324854
0.4300119
0.4221134
0.4102916
0.3887221
0.3897988
0.3767276
0.3594799
0.3468465
0.3490535
0.3257033
0.3210086
0.3244391
0.3114745
0.29662
0.2874046
0.2915275
0.2833224
0.2675111
0.2701573
0.258854
0.2517267
0.2462084
0.2425513
0.2408362
0.22069
0.192658
0.1125002
0.02752656
0.00162234
6.648936E-05
0
0
0
0
0
0
0
0
0
0
0
0
0
0
0
0
0
0
0
0
0
0
0
0
0
0
0
0
0
0
0
0
0
0
0
0
0
0
0
0
0
0
0
0
0
0
0
