0
0
0.0001331026
0.0003993079
-0.0003460668
-0.0002662053
0.000851857
0.0002795155
0.0001464129
0.0003726875
0.001118062
0.0006921337
0.0006655131
-0.0001863436
0.002276055
0.0007320645
0.0008917875
0.001677093
0.0004658592
-0.0002795154
0.001410888
0.001078131
0.001490749
-0.0005590311
-0.000106482
5.324108E-05
0.0008651671
0.0005457207
0.0005989618
-0.001464129
-0.0001996538
-0.0002395847
0.001051511
-0.001064821
0.0002795155
0.002675362
-0.0009050978
-0.00150406
0.001051511
0.001171303
0.001956609
0.0006388924
0.0007453747
0.0001064821
-0.002475709
-0.001224544
-0.0002262744
0.001291095
0.0002395849
-0.0001197923
0.003673633
0.0009450283
-0.001437509
0.001464129
-0.001078132
-1.041276E-10
-9.317177E-05
-0.0002395846
-0.002169573
0.001583921
-0.0007719947
0.0001996536
0.002209503
0.0001597232
0.002795155
0.003607081
0.0009982699
0.002116333
0.0004791699
-1.331031E-05
0.001743645
0.002462398
-0.001969918
-0.001983228
0.001783576
-0.0001197927
-0.002528951
-0.002329296
3.993079E-05
0.001637163
-0.003806736
-0.003300946
-0.0005190998
-0.003127912
-0.002209503
0.001490751
-0.001424198
0.001730334
-0.005417282
-0.0009050981
0.00504459
0.003899906
-0.003154538
-0.001810196
0.000652203
-0.0005457206
-0.004645279
-0.001277784
0.002182884
-0.002289365
-0.0024624
-0.001464128
-0.001251164
-0.002595501
-0.0005324094
-0.004991345
-0.004006393
0.001703715
-0.0006655129
-0.002768534
-0.001091442
0.003673633
-0.00248902
-0.003354185
0.000958339
0.0004924797
-0.001091442
0.0002795136
-0.001370957
0.003034739
-0.003447359
-0.001144682
0.002875017
0.002489019
-0.001224544
0.001317716
0.001384267
0.001690403
-0.0004525488
-0.001410889
0.004259279
0.0008917862
-0.001823507
-0.001304405
-0.001331026
0.001903368
-0.004126181
0.00208971
0.0009050987
0.003886598
-0.001810196
-0.0003460665
0.003394115
0.004299216
-0.0005457206
0.0003327579
0.003114602
-7.9861E-05
-0.01227206
-0.009902834
-0.01299081
0.001916683
-0.01902039
0.002954886
-0.003806731
-0.008904559
-0.01638491
-0.002768531
-0.001384267
-0.009729804
-0.01006254
-0.01629179
-0.0002662063
0.003394122
-0.008305607
-0.005297483
-0.01227212
0.002369222
-0.01587917
0.01348332
-0.003833351
-0.02466393
-0.00862505
-0.002542258
-0.008651659
0.006974583
-0.006229205
0.009197405
0.00227605
0.01618527
-0.008225736
0.001317716
-0.01139357
0.002382556
-0.02655397
-0.002861703
0.002036474
0.003034726
-0.0006655089
0.002888325
0.01472118
-0.002222805
-0.02532943
0.008252363
-0.001038193
0.01279115
0.03025427
0.341794
1.443854
3.500353
5.888685
8.510865
10.43709
11.89882
12.90022
13.57125
13.91506
14.10524
14.12585
14.04332
13.87252
13.68664
13.42478
13.15107
12.85465
12.55991
12.22192
11.89365
11.54234
11.20695
10.86966
10.57028
10.21419
9.9481
9.656778
9.450783
9.177166
8.880432
8.576578
8.28164
8.005061
7.75954
7.480746
7.264292
7.002275
6.785307
6.548481
6.347967
6.158509
5.986252
5.774086
5.627185
5.44242
5.283
5.112416
4.963569
4.799365
4.659168
4.512506
4.380481
4.24998
4.132715
3.973101
3.860408
3.729806
3.619406
3.492326
3.4123
3.283049
3.206466
3.084144
2.995835
2.901024
2.807954
2.71137
2.637719
2.543604
2.482419
2.390627
2.332674
2.248212
2.16967
2.09048
2.046064
1.98572
1.914164
1.849568
1.798708
1.731356
1.678825
1.611196
1.579074
1.518554
1.478864
1.426446
1.381484
1.328843
1.298296
1.247293
1.219499
1.167936
1.140983
1.100973
1.075058
1.034298
1.006603
0.9648458
0.9522812
0.9146798
0.8985869
0.8654729
0.8338621
0.819674
0.7997068
0.768002
0.7525887
0.7240651
0.7211624
0.6813
0.6766256
0.6591651
0.6425788
0.6121805
0.6116212
0.5943567
0.5815257
0.5588045
0.5511256
0.5314134
0.525597
0.5082125
0.4910696
0.4792627
0.4757225
0.4670048
0.4527768
0.4307071
0.4405558
0.4183545
0.4214693
0.3983367
0.3893534
0.381845
0.3749636
0.3663255
0.3688282
0.343458
0.3461473
0.3332498
0.3326904
0.3083726
0.3258489
0.2972986
0.3000402
0.3003071
0.2997075
0.2896578
0.2707703
0.2306003
0.1495006
0.03685616
0.002821776
6.655135E-05
0.0001730334
0.0001331026
0.0001331026
0.0001331026
0.0001730334
0.0001331026
0.0001331026
0.0001730334
0.0001331026
0.0001331026
0.0001331026
0.0001730334
0.0001331026
0.0001730334
0.0001331026
0.0001331026
0.0001331026
0.0001331026
0.0001331026
0.0001331026
0.0001331026
0.0001331026
0.0001331026
0.0001331026
0.0001331026
0.0001331026
0.0001331026
0.0001331026
0.0001331026
0.0001331026
0.0001331026
0.0001730334
0.0001730334
0.0001331026
0.0001730334
0.0001331026
0.0001331026
0.0001331026
0.0001331026
0.0001331026
0.0001331026
0
0
0
0
0
0
