0
0
0
-0.0003170058
-4.090399E-05
-0.0005931075
-0.001022599
-0.001850905
-0.001983843
0.000132938
-0.0006442375
-0.001810002
-0.001503221
-0.002167911
-0.002505369
0.0006442377
0.0006237857
-0.0006646896
-0.002362204
-0.0003579098
-0.003282546
-0.002566725
-0.004131303
-0.003200738
-0.002945087
-0.002004295
-0.002985991
-0.002924634
-0.001043051
-0.001257798
-0.002116782
-0.0008589826
-0.002515594
-0.003078025
-0.0023213
-0.0004499441
-0.004663056
-0.003333676
-0.004018818
-0.002761018
-0.0009305644
-0.002975763
-0.005859497
0.0002556498
-0.001830453
-0.004489215
-0.002525819
-0.001983843
-0.001625933
-0.002464463
-0.005389103
-0.003047348
0.000449944
-0.001850903
-0.002607629
0.005399318
-0.004397181
-0.002822374
-0.002454238
-0.01028735
-0.0005624297
0.0006442388
-0.006442377
-0.00206565
-0.001400962
-0.001554352
-0.006309445
-0.005112999
-0.004509665
-0.006738932
-0.00440741
-0.003476842
-0.007577462
0.002945088
-0.00471419
-0.01225074
0.002668982
-0.006841193
-0.00752633
-0.004795996
-0.01384599
0.000429491
-0.002341753
-0.01515492
0.0006135618
0.002055426
-0.01456182
9.203474E-05
-2.045218E-05
-0.01015441
-0.001758873
-0.001513446
-0.003548424
-0.006176506
-0.0138869
-0.006053793
-0.005307291
-0.00134983
-0.001942943
-0.006585538
-0.004601694
-0.002351975
-0.001257797
-0.0002045179
-0.006299213
-0.003640456
-0.003947233
-0.007761527
0.002372427
-0.001881588
-0.00441763
0.005337966
-0.004233567
-0.004100625
0.007127521
-0.01262911
-0.01014418
0.002996217
-0.005798142
-0.00679006
0.001503221
-0.003896104
-0.0004601692
-0.0005112995
-0.006513958
0.000971469
-0.004540341
-0.01571735
0.002597401
-0.004039272
-0.005123225
0.00505164
0.001319153
-4.090392E-05
0.00548113
-0.004264242
-0.0001636177
0.001452092
-0.004785769
0.005736782
-0.0001227123
0.000634012
0.006473053
0.001043051
0.002914408
0.003343897
-0.003834754
0.002413334
-0.01005214
0.00064423
0.00346659
0.03702838
0.05965852
-0.01351877
0.01122818
0.0514573
0.03009523
0.03559688
0.02518663
0.01278251
0.05114041
0.06687794
-0.007853568
0.01982828
0.03692646
0.01863178
0.03595471
0.01532897
0.002709884
0.07069224
0.04122112
-0.007127534
0.04482066
0.02127006
0.01223023
0.06043565
0.03174155
0.002014531
0.06390198
0.0880252
-0.001748684
0.03885885
0.07653154
0.006575267
0.1031391
0.05849286
-0.01960323
0.1539929
0.06286951
-0.02413322
0.1444419
0.001881585
0.05022
0.1968291
-0.07950737
0.09965208
0.2161053
0.2984351
1.855519
2.632546
4.24613
7.998824
7.980693
8.476377
10.11028
9.64612
10.70962
11.03054
10.12805
11.01456
10.8449
10.14082
10.45212
9.986439
9.606201
9.772721
9.166468
9.04978
9.071696
8.479323
8.571566
8.311968
7.74579
7.846873
7.776148
7.195107
7.146036
7.424653
6.717557
6.531016
6.585775
6.111126
6.127956
5.935484
5.538266
5.543605
5.371006
5.153189
5.166955
4.953585
4.673029
4.592506
4.475814
4.322229
4.193904
4.039886
4.013205
3.892854
3.687976
3.582633
3.561861
3.394326
3.233726
3.281535
3.045695
2.925487
2.995746
2.786195
2.71481
2.655447
2.509008
2.505221
2.373641
2.267568
2.302193
2.20455
2.107894
2.047467
1.961535
1.945555
1.874814
1.784117
1.721028
1.688065
1.661744
1.596992
1.559626
1.481531
1.442047
1.475601
1.339074
1.266427
1.336545
1.260567
1.214129
1.182065
1.111382
1.121894
1.119143
1.024481
1.002689
0.993424
0.9848242
0.9583187
0.9267122
0.8578397
0.8628592
0.8858601
0.7827287
0.7438919
0.7555304
0.7585346
0.7662771
0.6663367
0.6414663
0.7072514
0.6494846
0.6205426
0.6199924
0.5632075
0.6282355
0.5666528
0.5026909
0.5283372
0.5257076
0.5102365
0.5321504
0.4417325
0.4475814
0.5085902
0.4424185
0.4259945
0.4113915
0.4003071
0.4277121
0.4135185
0.3593406
0.366919
0.3901217
0.3522041
0.3581551
0.3191013
0.3079452
0.3538392
0.3146752
0.2981184
0.2837715
0.2797931
0.3285917
0.2709386
0.2352178
0.2899073
0.2823287
0.259791
0.2398087
0.2300134
0.2568666
0.2478885
0.200981
0.1019941
0.03842933
0.002607629
-0.004857348
-0.0006851417
8.180798E-05
-0.0005317518
-0.0005112997
0.0001840679
-0.0002761018
-0.0005419778
0
-0.0002249718
-0.00107373
-0.0006442377
0.0002556499
0.0004397177
-0.0006340117
-0.0003988137
0.0009714695
-0.001196441
0.0002556499
0.001002147
-0.0008283055
0.0004908477
-1.0226E-05
-0.001155537
-0.0001636159
-0.001063503
-6.095168E-12
0.0005112998
-0.0006340116
0.0003988138
0.0003988139
0.0002045199
0.0002249719
0.00010226
-0.0005112998
0.0002556499
2.045199E-05
-0.0007771756
0.0002249719
0.0002351979
0.0003374578
0.0004499438
-0.0002147459
-0.0003067798
-0.0003067798
0.0003067798
-0.0003067798
0
