0.4024506 -0.7360077
-9999 1.726318
-9999 3.472
5.852631 3.758514
1.244431 -1.049469
1.818909 0.1909027
0.5428619 -9999
-3.862213 106.4395
-2.957352 1.536865
1.355759 3.231232
-9999 0.8685608
0.2449799 -3.233566
-9999 0.8492126
-3.099991 0.01818848
-9999 2.803253
1.347366 153.6
-9999 -1.898468
-1.648697 -3.101318
-9999 -1.856888
1.660629 1.507996
-4.882553 35.64444
3.67894 1.363556
2.007996 4.849991
-2.94545 -4.574112
2.311111 1.258484
2.05455 -3.395462
0.8453369 2.416763
1.476242 1.921951
-2.096664 -1.571671
-1.138794 464.8392
1.092102 -0.9500122
-9999 2.421051
-3.410004 0.1347351
-1.001175 -1.228943
0.4480133 0.4235382
-4.044754 -3.610992
3.449921 133.671
0.2614288 3.231827
-3.279999 -2.848007
-9999 134.1642
2.240906 11.49091
1.438889 77.09941
2.2715 2.659119
0.785965 0.002639771
-4.309769 -3.43895
114.5707 2.86763
1.43158 369.1306
-1.542587 -1.074753
0.9600067 15.69171
1.339508 -0.5274963
-9999 0.02424622
-1.262222 -1.688889
-0.9000092 1.949997
-0.1090851 1.035294
-9999 -4.868301
2.610535 4.210526
3.885056 27.44762
-9999 256.2763
-1.103897 -1.028564
-9999 -4.416656
-9999 107.989
-1.472733 -1.781815
-1.701508 -0.2502747
-1.046448 -1.358597
0.1333313 -2.559998
-9999 -0.9311066
1.02858 -1.340652
3.115784 122.1333
2.311096 2.215393
3.221039 113.1332
0.8968353 -0.4960022
-9999 124.9968
-2.015579 -4.690903
2.937134 -9999
-1.387436 -1.236008
0.1333313 0.1548309
-0.963623 -3.412582
-1.027222 -1.428955
-0.624939 53.1418
0.4259949 -2.77858
2.181808 190.3428
0.8545532 -3.881454
0.1090851 -0.2363739
1.200684 136.9482
2.145126 3.817352
0.7314301 -3.715744
-1.907684 -2.78511
3.713333 -1.067749
-2.655792 168.8964
4.677963 -0.256012
-0.6656647 -0.3493652
-1.299988 1.300003
2.034088 137.0608
-4.63031 18.33333
3.384613 -0.4129028
-2.872238 -5.871094
-0.2839355 0.5222626
-6.857147 -9999
-0.3188934 3.381683
-3.946671 -6.479996
-3.78891 -6.754761
4.054886 0.1538391
-2.666672 -0.4693298
0.577774 124.7071
-2.985962 191.9412
1.733337 0.9365845
2.733307 90.37776
-0.717865 94.13433
3.111115 -0.1749115
-2.81459 -3.083374
-1.75 -2.327271
1.595718 0.9411774
-3.293518 106.9321
-3.584763 -0.8293304
-4.258911 -5.345459
2.282669 -1.337189
-0.02394104 1.543518
-1.424591 -0.7132263
2.615128 1.826141
4.816223 0.207901
-3.439987 -4.490662
1.452881 191.503
-1.419525 -9999
-0.2341766 0.1818237
5.426529 0.7360077
-9999 1.323807
-190.4 -187.968
-2.943848 1.154892
-1.288589 0.4195557
1.58847 117.5726
5.195999 3.063736
-0.7953796 2.270508
-2.106689 -9999
2.079285 -2.477188
4.545441 2.109085
-0.3622894 -2.276566
0.5931854 -1.139282
-2.526321 0.8818665
0.6554718 -4.445709
2.21817 -1.751053
3.5 0.884201
-0.4509125 -2.882919
-1.632248 35.03871
1.727997 0.4933319
-9999 -0.1270599
-0.4632874 -1.175339
-9999 2.10466
-9999 179.4809
0.6618195 133.6134
-0.3923035 -0.5494537
-9999 0.3754425
-0.1187897 -1.833084
-0.05455017 -9999
-9999 -0.9378052
-3.453552 -7.125336
2.035553 209.3547
-9999 -117.1
-9999 -4.076859
0.988678 -1.632004
2.128571 1.377777
-1.464294 -2.276321
-9999 0.4631653
-1.541824 -0.1373749
-1.898911 -9999
2.56749 1.205093
-1.136841 2.497559
-0.9062042 1.793427
3.326324 -0.8631592
-2.092865 0.6499939
-1.770004 -4.90947
-1.910645 -1.156677
-9999 3.381104
0.6681213 -3.435715
-9999 -2.228577
-4.106888 -0.7505798
-9999 84.75088
1.871994 167.0927
-0.3340912 -6.958328
0.7072754 1.259186
-3.946671 146.45
-4.988571 -0.7161102
-0.8593292 -1.955841
4.909576 1.731873
5.653336 5.836182
-1.944763 -1.868561
-2.291901 311.3412
-0.1865845 -2.323685
2.022003 0.3402863
-9999 1.149994
-9999 191.1847
-9999 2.017151
-9999 3.264282
1.184998 113.2536
-9999 81.38757
5.975433 4.554092
1.871338 2.069641
-5.311768 -2.426315
-1.898575 -9999
1.812119 28.55923
0.6537781 -9999
-1.810532 -1.842102
2.231827 1.989822
-3.745453 122.2642
-0.2456665 316.9543
-5.615234 129.6241
-5.757568 -2.313721
-0.4545441 -1.98645
-1.911102 -0.8137817
-0.1396332 -1.547638
-1.38327 -2.338089
0.145462 -9999
7.170197 6.69751
-3.356384 571.6331
-0.2095184 69.8386
-0.4711761 -2.22171
-2.511993 -1.108749
1.400009 2.879272
-3.208389 -5.387894
2.399994 -2.720001
0.4715881 105.96
-1.227066 -1.097549
-1.735382 3.841766
0.7371368 189.93
-1.049988 -1.702621
1.337128 3.321533
-1.496338 1.527832
1.89473 6.271774
-3.800003 138.181
-1.599976 198.2734
-1.646774 -0.1336517
-0.6743164 -2.531387
2.431824 1.142319
-1.083344 -5.350006
-0.4969635 45.9297
-2.621902 -1.433914
1.013336 -3.233948
-1.774597 1.559998
-4.174866 -4.072678
1.064941 -9999
-0.9859619 -1.163391
3.229156 89.40042
-4.405045 -5.513306
-0.02424622 -1.840912
-1.453842 -0.5285797
0.08332825 124.1272
3.787888 -9999
2.792419 0.9069366
1.495239 4.980957
-3.138458 -2.93158
-1.337646 0.6849213
0.3754425 164.4788
-1.645126 -4.573685
3.487793 4.519989
3.65715 5.699997
-6.230865 -2.995483
-4.363632 -9999
2.435196 1.356979
-3.3974 -3.332336
-2.550003 -2.063156
0.616806 -4.181946
1.467209 -2.912277
2.137054 1.073196
3.694733 2.512924
1.686127 117.9257
1.482071 2.87709
-2.379486 -0.6894226
-9999 0.2447357
-9999 -0.4022064
-2.302567 -2.454941
-9999 -1.00769
-2.753036 -9999
-9999 -4.659775
-1.253586 28.67368
-2.399994 0.08421326
-9999 3.647995
-9999 158
-4.181808 1.145462
-9999 2.636658
3.599991 18.20685
-3.193939 -2.766663
-4.863159 -1.343552
1.238464 -3.065842
-9999 -5.128952
0.1632385 0.209671
-9999 49.07683
-0.02908325 -1.395859
4.652634 6.081192
-2.257141 341.9143
-2.432251 117.1159
-9999 160.3439
1.936844 0.084198
2.51001 -2.25
3.317993 -0.9045563
2.359406 3.253708
3.876312 4.574799
-2.050919 -2.891708
4.378952 8.231583
-1.364609 -1.763565
0.5212097 -0.3625946
3.6138 3.171265
-0.04847717 -0.4666595
-5.149475 46.1378
-1.071991 7.490189
-1.040009 -1.630768
8.311111 8.933334
-6.004364 -3.636368
-3.466614 350.2424
-0.4312134 -4.572357
4.892685 2.829788
-0.5016937 1.178955
-1.780945 -2.841553
-0.6136322 -2.791168
1.419312 -0.1477203
0.5066071 -2.101898
-9999 4.150009
1.69545 -0.230484
-9999 -1.497726
-9999 6.400009
0.8761902 0.06060791
0.509079 6.569275
0.3234558 -1.628067
5.156754 0.5531921
0.9790192 45.37328
-9999 50.13715
-9999 3.259323
0.9169617 0.6467438
146.2476 73.70477
-9999 -1.512299
4.266663 0.9959564
-0.6666718 0.9111176
-9999 -2.728577
-3.565094 -6.251953
1.706665 0.04571533
-9999 0.1758575
-5.515793 -2.526306
-3.300156 -0.1852264
3.957886 1.928421
-4.403915 2.264236
-0.01083374 67.15132
0.006591797 110.6803
0.1166534 101.7547
-0.3188019 0.1263123
-1.380463 -1.136841
-1.106659 -2.620499
0.9126129 1.360901
7.433426 1.339615
-1.483337 410.5939
-0.07124329 -0.9789429
-0.1188507 -1.878845
5.652634 2.914902
-0.802597 0.1173248
1.050003 -9999
-4.702255 -2.184616
-1.827744 -2.599991
-2.159988 0.4400024
-1.350037 -1.363846
-0.8664856 1.209244
3.266663 -0.1555634
2.333328 0.1122742
1.828568 -2.540359
-0.9680176 366.3229
6.413193 2.956055
0.06315613 0.2666626
-0.01818848 -4.589615
0.2787933 -1.921204
-1.914276 -2.623367
-0.9615326 -1.557129
-5.610397 -2.264938
1.372253 -1.165405
-4.509094 -3.836365
-1.773331 40.16141
-0.9373627 2.29126
-5.600006 0.1725464
-2.161545 28.79007
6.600815 2.369232
0.8562927 -2.097549
-2.077194 -2.895233
2.051422 -0.5082397
0.8421021 3.236359
-3.837708 -1.418655
-0.3227386 -0.286377
-1.680695 230.1394
3.504456 -0.7978058
0.5684204 -4.583786
-8.071106 -4.230179
-1.645157 147.1586
6.698669 0.7830353
-4.601517 -9999
-0.7984924 0.5959625
-0.06433105 549.8485
-0.2016296 1.814636
3.015381 -3.824615
1.531799 561.0932
0.01531982 -0.2877045
-0.122818 85.04266
5.695938 176.5053
-0.7542877 -0.9380341
-9999 1.375427
-5.485519 -5.774994
-1.277634 154.559
0.1833344 0.4969635
-9999 168.6693
-9999 3.975113
-3.507797 38.86165
2.488007 4.695999
2.671326 1.445984
5.303223 0.9677429
3.977783 -0.6878052
1.493332 158.9987
-4.530029 155.4591
-2.577774 163.9502
2.613434 159.6745
3.927277 188.9167
0.2035065 -6.313156
-3.257996 -1.595459
-9999 -5.321838
-0.7730713 164.2672
-2.707687 -2.109085
6.986664 5.098663
0.5440063 -9999
-9999 -4.938461
0.72258 1.333344
-1.565384 -1.968185
1.281448 2.173035
-9999 0.745285
-0.6532898 -3.910721
-1.784973 -4.833771
1.613647 -0.6120605
4.657852 -2.513672
-0.8480225 515.2343
0.7820129 55.0649
-1.461533 2.33847
-4.160431 -4.726151
1.630005 101.3035
0.2548065 -1.426239
-6.322418 -4.775757
-9999 -3.284851
-3.945465 -1.512009
-1.942856 3.421417
0.3428497 -3
-6.223694 345.1081
3.106216 1.869293
0.9317474 3.829239
4.951797 1.356186
-9999 2.011551
-9999 165.6615
0.140564 -0.6771851
-9999 0.9724121
2.478043 1.136108
0.179306 108.7
-9999 1.527267
-9999 1.996185
3.301559 1.081451
-4.231827 -3.181824
-9999 -7.866669
-0.08636475 -9999
-1.659088 -1.576675
0.9479675 -3.180862
-1.781448 0.9340973
2.921204 2.800003
-1.47641 -1.84082
5.128174 5.374161
-9999 0.5818176
-9999 0.4046478
-2.034454 -1.136841
-3.575806 -9999
-9999 2.52063
1.773727 -9999
-1.173325 -1.986664
-5.814041 -5.444443
-1.621429 169.15
4.533722 6.016006
-2.246429 -1.801834
4.523453 4.760605
3.658325 0.3085175
-4.437332 181.062
-0.4571381 -3.369141
5.723083 2.620636
-6.263962 -2.147003
0.8727264 17.92978
-1.804337 -0.0554657
0.2947388 185.4979
-3.111115 -5.777786
-1.232269 -0.7200012
-3.484619 -6.730072
1.793106 0.4307709
-4.612 -5.369156
-1.530746 -0.6545563
3.992096 4.984955
0.7977142 186.2683
-2.370789 -0.6319885
-0.4378967 22.7421
2.340912 3.185989
1.772003 -3.253006
-2.150024 194.33
7.275528 8.002808
-4.949326 3.124008
0.4666748 -3.746658
-0.6714325 -0.6741943
2.036362 -3.414658
-0.6866455 -4.307693
-2.953705 278.8276
-1.62619 153.8682
-0.4505005 152.3839
-0.5333252 0.9546661
1.004883 1.024002
-9999 5.214294
-3.525818 -4.639999
-4.544724 -3.486359
1.959579 -0.07199097
-1.242859 1.14444
0.5833282 2.373322
-5.682983 0.8117523
0.005126953 -0.3141785
-1.471985 236.894
1.599991 -1.789474
-2.327271 -1.858368
2.203217 90.52675
-1.71167 -0.7021027
1.551956 1.784775
1.636368 1.644165
-1.354385 -0.9333344
-9999 0.8068237
1.333344 -1.242096
-9999 -2.52272
-9999 1.016541
0.2166595 231.95
-2.634674 -0.2666626
4.255997 -1.557907
0.2301941 1.056
2.507263 2.498703
-9999 -11.48517
-0.7418213 -1.626663
4.22937 71.21118
2.545456 16.87273
1.200012 -4.545441
-1.486877 -0.5777893
-2.586838 -3.316666
-9999 332.2926
-5.353836 -2.666656
-9999 2.665634
0.0327301 148.9569
-0.2143555 1.3909
4.266663 -1.364914
1.960846 -0.9482574
-0.4363708 -2.00383
-2.62352 -5.048004
-9999 2.307373
-1.820984 -2.670334
-9999 0.878952
-9999 277.8883
-0.4631653 -0.2105255
-3.241562 -2.261658
-9999 1.527618
-9999 -0.5802612
-9999 434.25
-1.381821 145.2923
-9999 1.449997
-1.279999 185.6655
-0.06303406 3.106491
5.29216 81.13344
-1.823471 188.9933
5.333328 1.250351
2.168182 -1.381821
2.77066 187.5333
-0.7555542 -2.307556
-9999 -1.223999
-2.300446 0.5440063
-0.6857147 4.650009
0.3272705 -3.272736
-2.237991 -2.168427
-0.3466644 75.64404
-4.266663 -1.274994
-3.851227 181.1088
-2.185364 2.614639
2.448486 3.152374
3.810913 -0.6424255
-0.4715881 183.36
2.492004 1.385712
-9999 -2.761841
0.894928 -2.238876
-1.703751 -1.275192
-9999 97.23637
4.380417 0.97435
0.06921387 422.6273
0.8000031 -1.102448
4.278381 488.4752
-1.678482 0.3215179
-2.381821 -9999
-4.171432 -0.6369324
-1.079666 62.9308
-2.400009 -0.3636322
-9999 -2.623383
0.5687714 -1.16037
-0.7133331 0.7817841
-9999 0.3328705
-4.496735 -1.232086
-1.055267 74.97728
1.918091 2.492111
1.408005 1.115631
5.847992 0.7052612
-2.836365 -0.4444427
-3.006989 0.08291626
-4.615387 248.2823
-9999 -1.365326
1.764297 -3.368179
1.620163 -1.98056
-2.038467 -9999
-1.326767 1.811981
2.966248 -0.3428497
0.9068909 -1.809097
0.9575806 -1.589325
-0.2357788 3.141678
1.366669 -0.6414337
1.326324 1.032257
-0.582428 -0.6183624
5.025635 191.3973
2.801941 492.3602
1.600006 157.3
0.5105438 -0.08686829
0.1804199 0.1965942
-0.05200195 5.084366
6.727997 70.73334
2.314301 -0.7428436
1.31282 -13.20384
4.661331 -6.599274
-0.08584595 -2.288025
-2.099991 -2.152618
-0.1818237 1.090897
4.015869 -1.337662
-2.029114 0.1448364
2.776077 61.97017
-0.6554718 -1.394943
0.3079376 2.755554
1.836655 3.680008
-0.3956909 1.019043
5.864761 0.8514252
0.3675995 0.5407562
1.52272 0.9269257
1.998047 0.2372437
1.451874 0.6180115
1.681808 33.02727
0.2060089 0.901474
3.968002 7.200012
1.285706 411.4732
-1.295456 -0.8833313
3.781815 68.22639
-1.436371 80.89773
0.06593323 -1.016541
3.199997 -1.768417
2.769226 2.978729
-1.851288 115.3253
7.815384 175.9904
3.43309 2.947372
-0.6360931 1.763901
-6.563156 -4.852936
-0.2105255 0.214035
1.158737 -1.790543
-9999 171.9158
-0.1805115 3.149017
0.9151611 44.4231
0.9684143 -0.6315765
0.6457214 -0.08906555
-4.910126 -0.9776611
3.231583 1.188232
0.2454529 -0.03713989
-1.735992 8.942856
-9999 132.7105
3.521591 -0.300705
-5.035187 225.5743
2.563156 -6.015274
-3.429245 -1.817627
2.149994 -1.771439
-9999 -0.5860901
-1.546051 -2.450165
-1.844742 -1.796158
-0.3699188 -0.05563354
-9999 4.029953
0.3689728 -0.05227661
-1.480499 173.5424
1.599991 0.5999908
-9999 -0.9523773
-0.4307709 -9999
5.689941 1.131149
4.688004 151.9855
-3.892685 -1.28421
1.857697 5.602936
-9999 -3.044525
-3.28421 153.7263
-9999 -4.098022
1.366806 1.171936
1.286911 -0.9436493
-9999 1.6026
2.541412 -5.304947
1.622726 0.7927399
-2.34758 -3.372635
-3.582657 -2.835297
-0.5500031 0.4363556
0.6658478 -1.476471
-1.960007 -1.937927
1.987976 2.328918
-0.5487213 -4.291977
3.05455 1.899124
-0.1984863 1.052628
-7.045181 -4.4039
1.079987 -2.797424
-9999 17.95889
4.673676 4.981369
-9999 4.89444
-9999 6.129456
-9999 2.161499
-9999 1.822723
2.56842 640.9474
-9999 2.266678
-9999 -0.8575745
-9999 0.3476868
-2.688004 -2.438004
0.6333313 112.6609
-9999 -1.618423
-5.70256 -2.11467
-3.870544 -4.330276
2.240005 0.9493408
0.1604462 -0.003845215
-1.207901 67.8527
1.852631 1.016266
-0.1846161 -2.333328
-2.973755 -0.6415558
0.9819946 0.3681793
-189.4498 -190.1131
3.199997 81.55556
-0.8000031 -4.05455
5.399994 -1.305267
-0.5382385 1.153748
2.970978 -1.39183
2.492447 93.45621
2.767197 -0.7565613
0.3999939 66.0065
6.646591 2.646591
-3.348663 -3.476715
3.384613 -0.3025665
-0.5799103 114.7511
-6.138184 -3.676086
4.800003 -9999
0.2701263 -1.756943
-2.8647 -4.622574
-3.360092 107.1423
3.501312 196.1649
-3.927277 -1.622971
-1.571152 -9999
0.5556335 -9999
-2.388885 -1.688889
5.524673 3.360199
2.828232 2.685791
-5.667877 -4.754547
3.114288 -0.8499908
-1.972214 -3.860214
2.718689 0.8115387
-4.576004 -2.17601
-1.119995 -1.087997
0.8552704 4.227997
-0.63414 -0.0266571
1.379898 1.244339
3.587097 2.346069
0.6442108 1.131424
-3.416138 -3.330414
0.2417145 2.418182
-0.2080536 -1.488907
0.2588196 -2.864014
-0.2338409 -2.104996
-2.080002 1.036362
3.045166 3.938461
-0.9734802 -0.4631653
4.627289 5.169235
-3.204529 530.4351
2.474106 2.021042
-9999 1.115997
-5.528198 -2.328201
4.417099 1.251556
2.947144 4.50531
-0.7621155 0.8218994
-1.009094 -1.450012
3.337555 0.1077423
-4.539474 -2.608063
-9999 0.2140045
-9999 150.749
-9999 -406.2483
-4.165009 -4.581467
1.024765 -0.5466614
0.4639893 4.606857
1.379288 0.3774414
-9999 3.976578
1.184952 0.7805634
-9999 2.095993
-9999 -4.613525
-9999 -1.124619
3.010391 7.781815
-1.388702 0.6885681
0.1658173 -6.226532
0.5299988 -1.949997
1.867996 2.173401
1.681229 0.7977905
-0.4965515 -1.447296
-9999 4.322006
-9999 49.6987
-4.371429 61.47369
-4.218185 -0.846756
-3.268005 -3.300003
-9999 2.034775
-8.056137 -4.866669
-9999 -45.69144
-5.415588 0.3272705
-0.583786 -4.39917
-5.816879 47.31683
-9999 -2.712143
2.666672 1.400009
-3.253342 -4.360367
-1.234009 -1.802185
-0.8247375 -3.338669
3.186615 1.462631
-9999 1.381821
3.914291 -1.491425
0.4088898 -1.619385
0.1266632 -2.182755
-2.789474 15.35535
-9999 6.272369
-9999 3.163635
7.639206 98.95495
-0.08888245 -0.2358856
-8.363632 -1.470123
-9999 -2.797607
2.074799 1.631668
-1.895157 -1.234634
-9999 1.304001
-2.034958 132.7825
-9999 48.76833
-2.622726 -0.1785583
-5.463242 -6.710266
5.685333 5.866669
-9999 4.926315
0.480011 -3.589813
-9999 -1.342682
-9999 -4.52478
4.186096 86.41277
-2.26857 81.61714
4.171432 3.353851
-9999 -1.272415
4.146606 1.27153
-0.1499939 1.49707
3.469009 -2.052917
0.06060791 4.039261
-3.663162 -1.900909
2.531555 2.639999
-1.631577 -5.581818
1.18158 0.396286
0.9483948 -2.254547
3.903549 5.875473
-1.600006 -1.43396
0.4162598 25.12756
-1.099991 1.881821
3.68158 -0.4229584
-1.384613 -2.464508
-1.676544 2.505264
-2.753998 -5.206741
2.892334 132.1379
0.581955 2.322525
-0.02526855 1.00824
2.112289 -3.784317
0 0.2553253
-1.84285 -3.416534
-2.440323 2.376083
-1.171326 -9999
-3.350006 -1.764282
3.321381 0.8670959
2.228119 146.6051
-0.09207153 -5.908325
1.311996 181.7333
0.2094879 -2.007645
0.5818176 -1.372543
-5.98439 -2.562683
0.1842041 -3.699417
-0.6888885 -1.733337
3.200012 -2.787872
-0.8000031 -1.248779
-3.413086 633.4448
-3.994186 -4.013153
-9999 585.4681
-0.8854675 1.276779
-5.578186 -4.991516
-9999 376.7651
-2.422729 189.6187
-9999 3.69455
-9999 -1.484253
-9999 -3.178268
-9999 -1.70549
-2.082504 -3.423141
4.793991 1.649994
-9999 -4.958847
-5.339706 -1.428864
-9999 176.2621
1.538757 3.077759
-0.3192291 -5.549988
-3.19043 -1.596481
2.980362 2.668991
-1.628708 1.922806
-0.4519501 -1.757141
-2.630493 -5.187103
-9999 664.3692
-6.477997 198.8906
5.800003 41.23799
0.4415588 -2.901306
-9999 362.4485
4.983414 0.4445648
-1.892395 -3.368713
-1.842422 -2
-3.815369 469.3132
-3.464005 -5.448776
1.207352 5.046692
1.966766 0.4005127
-9999 1.788101
6.909775 -9999
-1.640991 -1.440994
-3.895279 0.1342621
-9999 0.02706909
1.887085 0.2125854
1.206161 -3.062927
-9999 -1.447876
-9999 -1.088272
-9999 181.1128
-0.7539368 -2.707275
0.6499939 -0.5
1.443359 -3.312912
-1.291351 -1.034668
3.889526 3.430298
0.2205048 0.1538391
0.2105255 -0.7724152
1.729843 2.217957
-0.8563843 162.6516
3.509338 149.1879
0.1817932 113.3576
-1.634918 82.03378
2.389084 -0.2200012
-2.488678 103.3638
-1.981812 -1.577774
-4.903442 -6.071869
0.5277863 -5.558807
-9999 142.6379
-2.794662 -7.584
0.72258 0.8786011
3.690216 -2.047974
0.3557892 -2.29599
-0.2994843 -0.3069916
1.633698 -1.992981
-0.1212158 -0.3116913
-9999 639.9566
-9999 165.5338
3.369446 -9999
1.390991 2.399994
-9999 -2.567535
1.154037 0.4681854
-1.600006 -5.615005
1.68338 1.875381
0.6666718 4.678802
-0.3166656 0.9333344
1.194443 -2.54599
-1.595901 -1.000153
5.512299 1.560791
-1.721619 -0.3000031
3.300003 0.1000061
-1.311279 -4.547363
2.175995 -2.677612
1.244904 0.5271759
-3.419601 1.675125
0.2666779 -9999
-3.08493 -0.7498779
0.2285767 0.1896057
3.918793 0.6200867
4.562912 0.3351593
-3.883331 -0.7964935
-2.374603 -1.434647
1.857147 -0.1323242
-3.117249 -1.052643
-2.573486 591.2177
-2.323227 129.6727
-1.502319 -2.551315
-2.500916 251.6739
-2.831589 -1.778961
3.603836 -0.5887146
5.914841 0.6348267
-4.122482 -0.4545441
0.2400055 -4.160004
-1.472092 -1.306519
-0.5473633 6.385712
0.4725189 0.7439575
1.322632 340.8068
0.8222198 -0.3623962
-4.044006 -5.61673
0.309906 54
-1.187881 191.7128
1.701752 -1.860153
-3.560532 93.09999
0.9599915 -4.385468
-3.466675 -2.896667
-0.6320038 -3.336838
-5.625107 -6.262375
1.831268 57.18399
1.348511 506.1862
1.890915 0
-0.2879944 -1.742218
0.9263153 -5.781815
-0.9176483 -1.410522
-6.32457 46.59734
-4.098465 48.84203
1.05455 0.7534943
5.003845 3.271057
-0.4803772 0.02590942
-2.430023 -2.926498
-9999 1.23378
-0.421051 -4.743423
1.163162 -9999
-9999 281.9487
-9999 -3.037399
-1.503311 -0.8221588
-0.5013275 -2.487625
-9999 160.6066
1.361526 3.364517
-1.685242 -2.535583
2.104233 3.781815
2.076492 -2.558701
2.3741 45.31319
-1.937454 116.8
3.359406 4.331436
2.596558 -1.221817
-2.401138 66.25601
-0.4761505 -0.594635
-4.215378 -2.163773
-2.037048 96.71127
-0.4230804 -1.217651
-2.390381 -9999
2.75 -1.205551
-1.558441 2.155838
0.5966644 -3.230835
-0.404541 0.3670807
-9999 -1.309097
-0.8000031 -2.800003
0.7919922 77.49999
-3.001266 -2.395996
1.406906 180.8774
-2.564926 -3.376923
-9999 -1.919998
-0.209137 -1.115631
-2.912949 -1.520004
-2.95462 -2.376419
-9999 -4.424881
-9999 1.646072
-9999 2.28363
-9999 332.3151
-9999 -0.1170654
-1.289139 61.51245
-4.835693 216.1575
-1.383331 185.2833
0.4421082 -1.085175
0.3818207 -0.1090851
-9999 296.7949
-1.03421 -3.884216
2.71582 1.843567
-9999 -2.939468
-0.3643799 1.047409
2.462219 1.294556
-0.9103394 204.7458
0.2098846 2.524063
0.8246155 18.61319
-9999 -3.536835
-1.25621 -0.484787
-9999 -2.69545
0.2237854 -6.522263
3.114288 0.7635956
1.434204 338.4587
-1.475006 -0.6568146
-9999 225.3221
4.386871 1.139282
-9999 -2.145462
-1.605713 -0.5440063
-1.042526 92.33233
-3.733337 120.093
-1.230774 130.0421
0.2505035 -9999
1.005478 -1.408005
3.307007 193.1838
3.360001 2.345367
-1.441269 -4.996826
2.07814 1.442459
1.632751 104.8782
-9999 -4.942871
-1.400009 -3.425812
3.242813 1.002335
0.6199951 -5.300003
2.613892 86.08457
-1.155548 122.7244
-3.416672 -3.238098
-3.377502 -0.1245728
-0.7879791 56.76079
-3.449387 0.8736877
2.299423 -4.34285
-0.2385406 -1.745453
0.5904846 -9999
-2.159988 -3.71199
-0.5361633 89.50221
0.1849518 3.660614
1.949997 -2.268188
3.783737 -9999
-0.5785675 -2.550003
-6.295273 -4.850357
5.25 4.213623
-0.3595734 -1.701935
-1.501724 -0.3000031
0.9508514 3.917084
-1.119904 -4.138733
-3.380005 165.2323
2.151886 -1.246857
-1.525818 -2.277328
-1.409668 -0.2384644
0.9829407 3.629562
-0.1684265 -1.113159
-2.949677 -2.099152
-2.619995 -0.4628601
-1.323074 -2.886719
-3.619507 -0.2237549
-2.080002 -2.114288
4.25264 -0.7921295
-0.05128479 172.882
-0.3730316 180.8976
1.207901 2.35968
0.3847656 -3.384766
2.178574 -9999
1.515793 4.245621
-0.7349396 -3.85614
-1.915894 522.1091
0.581192 3.395233
1.368622 1.684616
-2.313629 -0.3903046
-2.74823 581.1172
-1.117538 3.48616
1.030777 86.98347
-4.552536 -5.241318
-9999 0.4318085
0.916153 -1.103165
-3.374969 -2.754288
0.05221558 -2.096008
-1.71666 -0.2666626
-3.463272 -3.496506
-9999 -3.675781
-9999 25.882
1.968445 1.121887
0.5336914 591.7629
3.466675 -5.269333
-1.30423 -0.7561798
-0.6060638 -2.293335
-9999 0.6627655
2.598999 2.87854
-0.9307709 0.7266693
-3.908234 288.8046
-2.213806 148.6
1.642426 1.482422
-9999 -2.868195
-1.994003 -1.664001
-0.576355 304.3182
4.27356 188.1269
-9999 12.14478
-0.4120026 1.065155
-4.006668 -1.433334
1.515793 2.38913
-1.998383 0.8364868
-4.208496 588.6022
-0.9400024 -9999
-1.514282 -3.377777
2.399994 109.05
-1.488998 -4.504059
-0.5500031 0.25
-0.3880005 188.812
0.6483459 52.28255
-9999 42.21031
-9999 94.16937
-3.703232 -0.842865
-2.250092 -4.217651
2.682922 1.422226
0.2727203 28.11514
-9999 83.32689
-1.824951 -1.978943
-2.066528 -3.273148
2.527344 -0.8560181
-9999 -2.970993
1.210266 8.354385
-9999 1.718704
-9999 93.08334
-2.210526 3.925735
-2.620804 -1.766495
-9999 0.9166718
0.8545532 3.070511
3.225647 4.590485
-3.751923 -2.197922
-9999 -1.800308
-0.6666565 0.9333344
-0.7368469 129.9027
0.7091675 -1.184006
2.854553 -9999
0.3722076 28.48421
3.90303 -1.960358
-9999 0.8000031
-9999 1.992386
5.839417 570.5655
-9999 0.1755981
1.122086 0.4363708
-4.699997 -2.359085
0.9207306 0.8567352
-2.763016 -2.165329
0.4315796 173.635
4.107605 0.3631592
-6.054031 -2.652557
-3.553848 -2.561295
-1.549988 -1.399994
0.3022156 184.1873
-2.10257 -3.042419
0.8000031 -1.399994
4.610916 1.390976
1.575745 -0.1754456
-2.143997 -2.314011
0.2175903 -2.322266
-2.158432 -2.120331
1.069992 -1.330002
-2.625 386.921
-2.335999 -0.7804871
-5.829636 -3.124146
3.210098 -9999
2.893509 2.564362
1.888 114.12
4.160004 -1.901718
-1.083328 0.6499939
-1.039474 170.0011
2.76622 6.291367
-0.8000183 226.3169
-0.4773712 90.1965
0.1199951 570.0343
0.8000031 144.8842
-0.3372498 -1.11412
-3.765793 58.9593
2.989746 4.684845
-4.577774 -2.033768
-1.78653 0.5082397
-1.695221 143.1527
-0.75 -0.6999969
-0.9848938 1.614334
-3.913147 -5.938751
-0.06837463 -9999
0.9289398 -1.95047
-3.109085 -1.828979
4.064011 -3.326309
-3.011353 2.77562
3.509094 3.527283
4.210526 0.2105255
-1.54245 -11.10515
-1.495239 124.1048
-1.639282 -2.056458
4.352005 2.527008
-0.1890106 0.4114227
2.215393 -2.285309
1.816666 108.4444
1.850296 -9999
-0.5252533 99.046
-0.04998779 -2.179306
-9999 126.8447
-1.743591 162.5594
-9999 1.861298
2.481201 1.372635
0.6846161 -0.1451569
-3.873688 -1.38205
-0.4402008 -2.243164
-9999 -2.135086
-0.8666534 -4.8909
-0.3037567 -1.082809
-0.8898315 126.2933
-4.062012 -3.391968
-9999 -1.797668
-2.94545 -1.757568
2.44545 1.240189
-0.6636353 166.34
5.180161 1.065277
-9999 -2.772644
-0.8792572 -0.925705
-4.088882 164.5414
1.78064 0.1677399
-1.705261 151.1467
-9999 -1
-9999 19.85118
1.416931 2.737656
-2.816544 -2.323502
-9999 -1.824249
-9999 -2.253342
-1.965714 -2.548294
-9999 434.04
5.893326 -1.100006
-1.996674 96.15377
2.236374 0.9360046
1.550003 -0.7999878
-9999 -3.688004
-1.40947 -2.858475
0.7017517 -2.794662
-2.044464 266.946
-2.703583 -1.248352
-9999 637.1038
1.050003 170.269
0.07618713 -0.6857147
-5.927277 -4.872726
2.522812 1.990234
-4.19809 14.30667
-3.482529 -9999
1.81575 43.50667
5.11351 113.2727
-9999 20.51593
3.703674 -1.020309
-1.552933 0.9291077
-2.185959 -1.094742
3.309097 177.0667
-3.687607 -17.71428
-0.690918 95.62633
-9999 0.5348511
3.296005 -9999
-1.594284 -2.19429
4.074997 2.393417
5.074722 -0.1714325
-0.1350708 161.3364
-1.257141 102.75
2.992004 0.05677795
2.830292 0.6136322
0.1019897 476.515
-0.4490204 0.09553528
-9999 2.772858
-1.508926 -0.03201294
2.230011 0.02285767
0.1779938 154.3578
-9999 -2.866516
4.72467 4.019485
2.550659 -1.307632
-9999 -1.418182
-5.171432 0.6216736
2.803696 2.974365
0.2689209 0.5266571
3.207138 1.350006
-9999 14.36772
-1.040909 1.527267
4.88205 1.723068
-9999 -1.351578
0.4193726 2.831436
-0.2412109 0.1114197
-2.25 187.0341
-1.479416 0.6282196
0.7837372 1.866669
-1.53334 -3.389328
4.314285 -3.497131
-2.839157 -1.093704
3.792206 -0.1252441
-2.278854 1.111435
-0.8644714 7.287445
-7.15654 -4.292023
2.129868 0.2234497
-1.407135 -1.778564
2.490005 122.2616
-4.768005 -2.304001
1.415588 2.272736
-1.121689 152.0752
-0.259079 -2.182419
-1.209534 104.2072
-2.772583 -0.06401062
2.132904 1.919006
2.301544 2.175827
-1.924927 0.8615417
0.9046478 -0.9444733
0.9142761 -2.008804
0.8786316 0.2100983
-4.353378 45.3609
-0.03158569 -0.2000122
2.690048 -2.857422
-4.364105 68.21801
2.085724 0.2323914
-1.861725 1.935898
-3.143112 108.4596
-4.47644 -1.705978
3.03273 -0.4399872
1.845215 1.589096
2 -1.234039
0.5473633 2.517075
0.06381226 71.59758
-0.7638092 -0.161911
-0.8791199 1.228577
0.4126282 -1.285828
0.6502838 1.608887
1.563644 0.9272766
-2.855377 -2.639999
-0.3600006 29.91742
-0.9179993 1.52272
0.6121216 -1.433334
5.331421 2.409515
-0.4727478 211.1368
3.215317 2.388367
0.1416321 1.091934
2.313995 0.7833252
1.833344 177.8157
-0.7375183 -2.219543
5.326294 348.379
0.3653717 1.204849
0.95578 -0.9575348
2.642426 60.44913
-4.896667 -1.764862
-1.430298 76.98637
0.3132019 2.849991
-0.5999756 540.7637
2.508392 183.7884
0.3833008 5.051727
-0.9372864 -0.6617126
-3.261749 -0.8084106
-3.228561 -4
0.1833344 0.5964966
2.405548 4.66774
4.806839 3.995544
0.4969788 2.707504
2.361847 2.226578
-0.8226624 -2.629654
-5.274918 0.2814941
-0.6374207 1.884445
0.1944427 -1.078568
-0.1473694 26.93684
-1.915787 -3.115784
-4.204453 0.1871338
0.2054749 177.9228
2.862 1.816666
-9999 0.805191
0.02630615 2.229416
-9999 186.7333
2.002533 0.3528595
0.6022797 -0.3943481
-0.3634338 -0.5016785
-2.394836 318.1143
-1.225845 -2.171997
-9999 1.237244
-2.70108 -4.399994
-6.122253 -9999
2.019989 -2.357147
-9999 370.5382
-9999 -3.457138
1.328979 437.3393
-3.242432 -9999
0.7818298 4.12468
-1.515808 174.0297
4.540894 242.3552
2.461533 -0.2489624
-9999 0.1263123
3.333328 -9999
3.46666 1.175751
0.1921539 -1.931351
-2.215149 -1.793686
1.733337 -1.895935
-0.2573395 1.881561
2.145447 1.261948
4.240005 1.549103
1.123428 1.384262
-3.400009 -9999
-1.745453 -1.183563
-0.7483826 -4.87619
7.396362 1.506348
-2.936203 -4.93486
-1.248779 0.1466675
0.08332825 -4.775757
7.50708 2.955032
4.145447 -1.600006
0.9359894 1.64389
1.693329 0.774353
-6.602539 24.80637
-5.336365 -1.636353
-9999 191.802
2.205261 115.7903
-1.37117 -4.647552
-9999 22.37273
-9999 2.581818
0.3926849 -1.567322
-9999 2.199997
-1.498703 191.0655
2.414032 0.4033661
2.994278 1.714279
0.5548859 0.5286713
-9999 4.954834
0.1399994 0.5964966
1.375992 1.223999
0.8853455 135.1485
0.2242432 -1.709091
-4.257996 -2.591812
0.8000031 -0.3764801
-2.78421 -3.187805
3.235901 1.196075
5.022217 2.37294
0.167511 0.0987854
-1.272873 0.09555054
-0.4250031 1.69545
2.063156 3.106216
0.06208801 10.22574
0.03919983 0.7651062
-1.381897 449.1188
2.490906 -0.2978821
-0.4017334 0.3139038
6.116669 6.133331
0.9779968 56.79286
3.584 -3.256607
2.929321 178.1865
-2.220169 1.960785
7.094727 3.563629
-1.897644 -6.273682
-4.577774 -5.651062
5.674667 4.601212
1.558929 1.72879
-4.020691 -3.809875
-0.5657959 -4.378906
1.09668 149.8014
4.933334 3.692429
5.324875 2.20488
-2.619232 -4.078583
-1.921051 2.778946
1.160278 1.228577
1.345459 -3.345459
1.343369 -3.640915
4.54184 3.581848
-1.725433 -1.984421
0.562561 -2.494568
-5.90477 -2.982391
5.969238 165.6161
4.134003 -9999
-0.6720886 -4.135254
4.656448 -0.8286438
-2.170334 -9.861557
-1.185425 -2.295593
1.526001 -2.628952
5.163635 1.368423
0.6551666 -3.263992
3.182785 0.6590881
-4.234772 -5.600006
-2.290909 -3.517715
5.404785 3.31842
-5.059082 -2.823364
2.935883 0.4012909
1.683701 0.7444305
1.777283 0.3016205
2.604767 0.5903473
1.973328 -2.596359
4.315628 0.232254
2.385056 -9999
-2.100006 150.912
-0.1307068 230.2909
-4.149338 1.104004
1.236374 -3.030899
0.07894897 3.380005
-1.142853 119.9375
-1.210815 -4.154785
-1.565384 -4.865387
-9999 129.6559
-6.849991 -4.153992
0.8692627 -5.614548
-9999 -0.05415344
5.800003 1.496002
-4.733337 -2.660614
1.362244 -3.450714
1.307693 2.244446
2.782227 188.8889
123.6509 1.746902
0.810257 -0.4380951
-9999 5.086304
-0.1605225 -9999
-1.466675 -0.4952393
-1.912201 -1.951218
4.840408 1.777878
-1.454544 -1.82254
0.6719971 0.9513397
2.421051 0.2610474
-9999 302.4
-9999 0.5227203
2.230103 1.026016
2.81485 -0.3548889
1.931549 0.5197906
-1.910049 191.0977
-9999 0.140976
-9999 17.51389
-9999 2.531586
-3.61438 -2.529709
-9999 0.603775
1.961212 0.3116913
-3.763855 -4.838013
-3.094452 -1.402039
-9999 38.90001
-4.071991 -2.238708
-9999 2.324966
-0.7922058 484.8727
-6.036362 -9999
-0.2133331 178.9407
4.646805 150.6811
-2.137802 -1.354477
-1.713364 -0.371048
-2.272003 -1.981094
0.6526337 3.985962
2.836838 -0.1751556
0.8479919 270.1097
3.547058 0.1910553
-9999 2.787888
-9999 -0.734314
-0.9346161 0.6568909
-0.9019012 -0.957901
3.360992 1.003418
1.163635 -2.654541
1.242844 -0.628006
1.810516 2.219193
-2.18045 -1.670319
4.699997 159.3667
-1.264557 6.010941
-9999 86.53333
2.710159 -4.146301
-0.05000305 -6.855331
-0.2526245 193.0975
3.799988 -3.233963
4.84761 1.24762
0.6999969 190.4857
-5.731445 415.8016
-5.253845 -0.7720337
4.497742 138.8
2.377625 1.323074
0.229248 0.2406158
1.220154 2.093323
3.672729 -3.436371
-1.05806 0.2639313
7.288422 2.685501
-0.3306732 0.7359924
3.912399 2.667282
1.92688 -3.218216
5.248001 5.856003
2.716675 7.054886
1.813339 2.022339
-0.2973175 0.7082367
1.463638 -1.552628
-5.418182 -4.223999
1.468567 -1.139999
2.104752 -1.816666
0.5030212 -1.208084
2.885712 -1.063309
3.796722 -0.2105255
-2.085266 291.0603
4.080566 154.5882
-2.933334 0
-1.860641 1.572968
2.182983 3.661072
0.7454529 -1.223999
2.884201 -0.6742859
1.113998 2.776306
-6.238602 -1.705261
1.342545 4.547226
-1.296005 137.0035
-5.042862 181.8846
-0.6166534 224
-0.776001 -6.094742
6.323685 8.310059
1.519745 -0.8549957
0.838089 0.5295258
-0.2080078 0.4071503
2.072739 1.818192
3.78215 1.228577
0.04560852 -1.159515
2.095551 -9999
-1.797485 -0.3762817
-1.687302 -0.6969757
-1.741379 1.003784
3.300705 -9999
3.22966 5.910294
-0.9119873 -0.7234039
-2.830002 -0.08000183
-2.070587 -9999
-0.5733948 -1.253922
-3.221832 162.5314
1.729034 -1.490906
-9999 16.17622
-3.254547 -4.05455
1.82399 12.67999
-0.3938446 -0.2900085
0.75 2.973694
2.895233 0.1398315
-9999 -2.00882
-9999 4.515442
-1.288895 0.5754395
0.7454529 5.683884
-9999 3.114288
-9999 -2.480835
1.159531 0.223526
-9999 -4.976837
-9999 -5.08461
-1.84021 -2.174286
-2.959991 -2.80571
-9999 -2.785995
1.315781 4.46666
-3.952438 -5.490021
-3.642548 -2.067047
-1.156418 2.016006
5.236191 -0.5714264
2.084488 116.3412
-2.338501 382.5036
-9999 4.513153
1.990219 2.488998
-0.7535553 0.7899933
3.600006 -0.09284973
0.6390991 146.1762
-0.2285767 -9999
5.414291 4.576187
-2.655136 1.069473
1.503296 4.065704
-1.886871 3.82222
-9999 -0.07272339
-9999 -0.9166565
-1.933472 -5.160904
0.885498 243.5355
0.6597443 2.409454
-0.02796936 23.94331
-2.271317 2.036377
0.5638123 7.906677
-4.001907 -0.854538
3.642838 2.741837
-9999 -1.173996
2.496002 0.9059906
-9999 2.522675
-9999 0.8074799
-0.6545563 2.290909
-0.3789368 0.8714294
5.388016 -0.08276367
0.8584747 -2.294006
-0.6917725 2.519836
-9999 0.9827881
3.354797 343.6541
-9999 -2.806671
-9999 175.5448
-1.251709 -9999
-0.8363647 10.57968
-9999 -2.207794
3.285706 1.333328
-2.600006 -2.018188
-0.3000031 -3.192307
3.838898 190.9767
1.929993 1.995453
-9999 -4.912537
1.880005 61.53262
0.7428589 85.01819
-0.2880096 -0.4923096
-9999 122.9628
0.8000031 -3.957901
-5.035294 0.1818237
0.2452698 0.200119
-3.50444 10.82021
3.636368 0.3732147
2.399994 0.09031677
1.927734 2.400009
0.3104858 2.267197
1.834671 1.396576
2.273682 0.6204376
-9999 -1.710342
-9999 75.2841
0 -0.2857056
-0.670517 -9999
2.690918 3.963638
-2.051651 42.54222
-3.940536 -6.75592
1.527496 -0.767746
3.222778 593.9281
1.389465 -2.802628
3.832001 92.62319
-0.865387 -1.765396
-1.280701 287.4606
0.7828522 89.45349
0.8516388 0.9915466
1.969528 2.057144
2.400009 4.147064
-6.933334 -5.533325
-3.464111 -5.168839
-1.363861 -6.275894
-1.282593 -2.611542
0.2526245 0.9971771
3.022018 1.028076
-0.7093048 45.75385
-0.8159943 92.208
4.604782 4.563904
-7.71463 168.1102
0.2857056 -1.07048
-2.346664 -3.559998
-1.047272 -1.243073
-2.312088 -2.454941
-2.450195 0.5324249
0.5365906 0.444458
-0.9835663 -1.581573
-0.651947 0.5308228
0.2832336 0.317276
1.476929 2.935745
-0.01696777 0.4039307
-0.120285 -0.687088
-0.83078 0.3999939
-2.529999 -4.479996
-1.278564 -1.564285
2.83429 -2.598099
1.439987 -9999
1.279999 1.347382
-194.1448 -192.2476
3.146667 1.184006
-4.891632 -4.025864
-0.1870117 -2.323563
-5.611191 -4.545456
3.839996 47.38181
4.523315 25.35715
2.613327 0.5071716
-0.4805145 1.435745
2.258911 1.35466
-1.940948 49.85071
-1.10379 2.488937
-1.609787 -0.8643341
-0.7744293 -2.688309
-6.27742 -3.266663
-0.8187561 -0.2535248
-1.392014 -0.5846252
-9999 -3.159393
-1.005127 129.8773
-4.410263 -9999
2.80455 0.6999969
-9999 3.868912
1.152008 -0.1017151
-1.053329 -3.071991
-9999 57.67926
-1.108337 364.1338
1.705627 -0.5665131
3.41333 0.5052643
3.406982 -0.1930084
-9999 -3.412369
-0.7111206 -2.270096
3.298706 -2.965042
-1.476654 -0.7266541
-0.6509857 -9999
-6.807144 0.3772736
-1.216003 148.4697
0.6472931 -1.90271
-9999 -0.884201
0.4606171 0.8363647
-9999 3.68605
-0.05053711 273.2509
2.778931 78.9599
-4.636566 -2.862549
-9999 410.4883
0.2303009 -0.4242401
-9999 -0.155304
-1.736511 -0.609024
2.983322 1.361893
-0.618103 -0.5995178
4.15065 -0.4588776
-0.4857178 164.5071
-4.41777 -0.09713745
-4.741333 -5.893723
0.6700134 1.58316
2.177765 -0.5230865
1.065994 2.898758
-9999 3.627274
1.016418 0.8727264
-0.8369293 -0.4126282
2.848007 0.5367279
-2.07428 -3.461533
-9999 1.427597
-4.608994 -6.882813
0.9710083 0.1294098
-1.008484 1.112732
-0.6888885 4.399994
-0.3733368 22.78745
-9999 -1.330887
-9999 0.3368378
0.8000031 2.747787
1.62439 -2.98703
1.970001 0.8252563
391.9246 391.472
-9999 -0.9855804
-0.8872833 0.5257111
-0.7939758 1.135162
1.890213 -2.33316
2.836197 2.984756
2.817886 0.2312164
1.926315 7.805786
3.019363 146.3355
3.199997 -0.5090942
-2.761032 0.03181458
1.776001 515.6649
-9999 1.993011
3.839996 -1.293335
-2.216721 -2.695328
2.380188 0.8030701
2.11795 -0.4307709
5.327988 1.677994
-2.193985 -0.2682648
-2.633835 -2.226563
-2.865967 -4.191086
2.790558 -9999
4.626678 2.026672
2.120148 -2.030624
4.940994 2.204437
-2.676025 -3.98291
-0.342865 -0.6999969
-1.345459 1.131714
-2.323807 -0.8666687
-3.391998 -2.367996
3.566666 1.948273
-1.349991 -6.509079
-4.302628 75.67908
-3.696564 -1.200012
1.846161 -0.7356567
2.921204 5.175751
-0.576004 137.0058
-0.1174774 -1.163635
3.030212 175.0947
3.259109 3.250275
-3.27478 -1.654495
2.778 197.7292
-2.189468 -4.133835
1.855881 5.832489
-7.503326 -6.613327
1.346161 -0.1538391
-1.304092 -1.83931
-2.276367 83.28727
-2.980392 -3.919388
-2.25 -2.729416
0.6933441 0.5105743
2.296646 -0.5079041
-3.925858 125.0403
-2.823074 -0.5070801
0.3947754 682.8202
-1.138748 -1.163635
-0.3001862 -2.32196
-2.679352 1.590179
1.834625 3.410004
-1.600006 -0.8967743
-2.75 -7.299988
-1.985443 1.046494
4.080002 0.4900055
-1.160004 -1.571442
-5.180954 -2.39238
-9999 5.259903
-9999 -1.314682
-9999 2.861786
-9999 12.07805
-9999 0.05613708
0.6807251 -2.92157
-2.170334 -1.896744
-2.066284 -6.034286
1.196487 0.8791504
-9999 490.5114
-9999 1.17543
-9999 -3.602661
1.100006 -4.371048
1.431808 174.25
-4.802902 -3.263992
0.5116272 -1.127075
-3.857147 -9999
-2.267624 178.7185
-9999 4.177536
-9999 -2.944
-2.071228 584.1603
3.821869 0.2526398
-9999 110.5923
-2.99411 -0.473114
0.690918 -2.505447
-2.550003 -3.172729
1.279999 -2.850006
1.238464 3.792999
-1.356873 0.3983917
0.1535034 -1.29364
1.940338 -2.897751
-0.8197937 -2.924545
-0.8639984 117.3981
-2.521225 0.2414551
1.381821 -0.4493408
2.678436 3.089813
-1.692856 6.228577
0.5441437 -1.509521
-2.971924 -2.655258
-2.115326 0.2361908
-9999 0.128006
-0.6087952 -0.07373047
-0.6449738 -2.531815
-1.058334 0.4464417
-4.879532 170.5615
-3.825989 -3.607574
3.861115 3.692932
-3.733337 -1.296967
-9999 -1.101532
-0.8933258 -1.519348
-9999 2.616928
-9999 53.4021
-0.2133331 175.6137
-1.272949 -9999
1.01236 1.042664
3.353851 -1.599991
5.475311 3.075302
-6.099503 -3.241135
-0.2909088 30.49756
-9999 592.0462
1.192383 411.2625
-9999 -3.461533
0.2057037 -1.080521
0.1777802 -0.06666565
2.720291 -9999
4.363632 -9999
0.08648682 2
3.246155 -2.769226
0.5333405 -3.684845
-3.917236 -1.810547
-9999 4.136337
0.367157 -9999
-2.776627 3.647614
-2.650803 -6.155563
1.223358 85.49335
1.342865 1.303574
-3.3974 -2.768829
-3.962723 -9999
-0.5269165 -3.260529
-3.708023 -4.49231
-0.3948059 -0.8357086
-0.2774048 -0.7849731
-0.6779022 0.648407
1.213226 -9999
-1.596451 -0.9454498
0.4184265 63.09474
0.4799805 510.322
5.971939 3.450729
-0.006500244 -0.3413239
-3.668503 -4.921219
1.639389 125.7657
1.963623 500.5455
-0.8491364 -1.6026
7.85881 6.705872
-0.3692322 0.5999908
-3.285721 0.0932312
2.288895 -3.024246
-1.12001 -4.505264
3.985962 1.406052
-1.723068 -2.228333
-0.8436279 -1.493042
-1.542862 -1.264511
4.872726 3.247726
-0.1861725 1.738663
3.300568 286.1376
-4.360001 2.758728
4.256409 -9999
-3.160889 -1.968246
5.719833 -0.308136
-0.8462219 180.4064
-2.57399 1.397369
0.0227356 -2.505051
-4.27626 188.5237
-0.7111206 -1.153229
1.90477 2.284683
1.682755 82.83831
-5.545303 -3.307938
-1.78421 -0.7562103
1.477722 3.501099
0.1416321 -1.094727
-3.882706 -6.15332
-3.763641 -2.376633
4.392212 3.846573
0.8758087 3.949997
-1.427902 1.013153
-2.38797 -0.2393951
-5.561493 -1.068054
-9999 105.5598
-2.96579 4.607132
1.362061 2.956848
4.190002 -0.4199982
-5.830765 -6.552002
-9999 0.4218903
-9999 2.545456
3.672729 -0.3772736
-1.748642 -3.156479
2.048721 0.500061
-9999 2.803009
-0.3263092 -0.8674316
-9999 2.382767
-0.2947388 31.18713
2.209091 0.7399902
-2 -1.437317
3.696411 0.09906006
-9999 715.2808
1.28334 0.3402557
-2.312592 -0.05659485
-0.5890961 -2.634094
0.1333313 -2.693329
-9999 2.228561
-9999 3.515152
1.557327 2.701416
41.58858 73.12614
-0.9551544 14.24666
0.2775116 -1.454544
-2.272736 27.25806
1.729446 0.9454498
0.02368164 -0.5983887
-2.128006 -4.278
-2.16861 -3.783997
3.745453 -1.268967
3.299042 -2.231125
0.7605286 -3.532318
-0.367157 153.9732
0.3682556 1.979401
0.02462769 2.210709
-1.090897 -3.238861
-5.18364 -5.849274
-2.765717 -3.908569
-1.349701 122.4402
1.135986 -1.524658
0.3939362 0.5575714
-1.336273 -0.7542877
-9999 -1.722656
-6.195328 -2.454254
3.701614 0.1016235
-9999 1.16571
-2.661819 2.418182
-9999 2.50618
-4.397934 64.89499
-0.2702179 2.627777
-3.473694 0.5263062
4.424164 17.20818
2.181824 138.9005
1.448654 2.285019
-9999 -1.260651
-9999 0.2666626
3.719162 1.386688
1.604324 1.306137
1.672089 22.01495
4.647018 4.485565
-9999 0.3282166
0.8421021 0.1333313
-0.005050659 -0.4496307
6.036377 -1.751862
1.049988 38.73947
-2.573395 -1.430313
-9999 108.4208
-0.5350647 -0.07272339
4.240005 -0.8627014
-9999 0.4424133
0.01924133 3.162201
4.145462 0.5454559
-9999 -0.7705994
-9999 -2.975998
-2.554062 -2.187454
-9999 6.503403
-2.71666 167.6606
-0.3786621 -2.71199
1.636353 1.568954
-2.375122 -4.290909
1.335831 1.47522
-2.2173 -1.544937
-2.533325 70.56001
-6.260132 -3.312088
-0.6253967 5.742218
-2.375 172.5421
-1.928207 -2.120331
4.447021 386.6222
0.6399994 -1.828568
-1.380966 -2.885727
0.7531433 0.5925598
-5.158279 -3.043549
-0.1694489 -0.5454559
4.053955 -1.652359
2 0.04705811
-2.972626 76.9166
-0.1000061 183.6941
-0.3390808 -3.442108
3.245087 -0.5829315
-2.633484 -0.5289459
-1.748093 5.01947
2.327271 1.412979
-0.1406555 0.8753815
-2.190216 -2.549805
4.417786 -0.9858093
1.3965 -0.3030243
-4.303909 -2.485718
-1.597717 -9999
-1.706665 -0.05599976
-0.03025818 -1.371429
-2.894745 -5.847061
2.928955 98.14737
3.374069 1.097137
-2.569534 -2.942856
0.9263153 128.9895
-3.690903 1.890915
0.9713135 364.7545
-0.1228638 -1.714081
-2.037338 -1.442429
-4.579559 -0.3058777
-1.288879 352.5098
-0.02337646 2.290909
0.2015076 2.706772
0.08421326 -1.002869
2.04718 2.644165
-0.2523804 0.1235809
-0.1766205 0.7088776
-1.757904 -7.17601
-3.576324 -2.205566
1.32193 1.219025
-1.11438 -6.924271
0.6447296 0.2947388
3.58461 94.48148
1.589996 3.528885
2.736176 0.6900177
3.471619 120.8177
-1.379898 -0.924057
-4.987885 59.16299
-6.050003 -4.133331
-2.486023 -1.511124
0.5454559 -0.70047
-4.406479 0.04069519
-9999 -0.1714325
-9999 116.0138
-9999 124.7034
1.064285 0.4142914
-9999 1.550659
2.77803 186.4331
-0.5636597 286.024
-2.149338 1.184006
4.134537 2.904541
-4.656418 0.420929
0.1660004 -0.25
-0.1467133 -2.747467
-9999 5.128006
-2.072739 -5.090912
-0.7999878 178.2574
-9999 -2.75
-9999 -1.211105
-9999 4.976959
2.680649 5.288574
-1.181824 -1.648788
4.778839 1.695267
2.586655 -3.128204
-2.011429 20.21333
1.694 2.167526
-9999 1.531006
-9999 5.684219
2.222809 -0.1140442
-2.41098 0.153717
-9999 58.71521
-9999 1.109741
0.5535431 -0.1555481
5.467072 2.543991
-3.316147 -5.720627
-9999 0.5869446
-2.185715 -2.612991
-9999 5.429626
0.2328949 1.199997
6.399994 1.519623
3.756653 60.83446
1.257339 -2.013
-2.695465 -5.530075
1.613327 7.78334
-9999 103.024
0.1333313 0.8000031
0.3939972 -0.7435608
-9999 2.916931
0.2773132 0.9161987
-9999 -0.9669952
-1.264771 39.35449
-2.97142 -0.2307587
0.8999939 1.809082
-9999 176.544
-1.418182 151.1286
1.753845 2.58902
-3.957901 -2.320465
-9999 482.968
-0.5555573 -2.476913
-9999 -0.1142731
-9999 11.063
2.82106 3.396057
-1.632538 -2.654556
-9999 159.4061
-3.734222 39.44749
0.7169342 0.1798248
-9999 -0.828537
2.611542 -2.081314
-9999 1.29744
-9999 -4.915817
3.856003 5.601456
-0.9835205 -1.023163
-2.188385 -1.797455
-9999 2.896393
3.038544 77.22007
-1.371429 9.64415
5.600006 138.7609
3.223389 1.271423
2.960007 2.160004
-3.410095 -9999
1.983032 5.813324
-1.98172 -3.181717
8.60762 6.051819
-3.890503 126.1382
-3.336853 -2.136841
1.320969 -0.5500946
-0.5033875 4.665237
-3.257141 -1.97142
1 -1.476929
2.973434 -9999
0.9428558 -0.1523743
-3.735718 163.8311
-4.045975 -4.853333
6.044449 1.733337
2.870331 -9999
0.3199921 65.73935
1.628571 -9999
2.480774 1.739868
3.815384 7.597198
-0.1918488 -0.2804718
1.992722 -5.130005
-4.273682 -2.718323
0.8000031 2.628571
4.771255 1.370285
2.970352 54.84167
-5.40509 -4.584091
0.3290253 -1.413834
-1.352386 -9999
-3.068726 -4.789307
3.946671 -1.021744
3.105026 1.862366
-5.472733 -3.1091
-4.213333 -9999
3.270569 377.1636
0.6111145 0.5181732
2.222763 159.3053
-0.1763153 0.621994
0.03636169 1.161362
6.631119 145.8748
0.1282349 6
5.22261 2.042633
-7.233337 -5.916229
-1.29393 -1.600006
-3.570801 1.88826
-1.010986 -1.39595
0.9403534 -9999
-4.319992 -2.708572
-0.6736908 21.69554
-3.771423 -5.559998
-0.03137207 96.92231
1.297363 -9999
-9999 -1.515793
-9999 -0.2716064
3.061813 -9999
4.481781 3.737015
-9999 -2.591309
-9999 -1.877274
-9999 1.740356
2.711273 0.9251709
-2.01001 -0.962204
-0.6783295 -1.218185
1.826462 -0.6837616
-0.4617157 -1.825989
-9999 1.176956
4.003296 1.652557
-2.705551 0.6290588
-0.8868408 -0.5684204
0.7387695 3.587891
1.445328 -0.9202728
-1.19957 88.2497
-9999 -2.829483
1.044724 4.036667
-5.573318 111.5546
-0.6348114 1.242111
-2.872726 -5.454544
-4.202118 -3.14183
-1.930664 0.4693298
-9999 1.152466
-4.298752 -1.483856
-9999 -90.20001
-9999 51.30316
-9999 -1.428574
-9999 -3.263153
-0.3999939 -1.581818
-6.137436 -3.478104
-1.701828 -9999
-0.8943024 0.7736969
-9999 0.5528259
1.782455 -5.936844
4.536362 3.330475
-9999 -0.3542786
-9999 -0.3248596
-2.110001 1.05748
-2.304306 -1.115799
-0.6343231 -0.2844391
-2.400009 0.9454498
-5.706665 -5.360001
-3.046158 -1.846161
3.409225 -3.251831
1.493347 -1.306656
0.1543884 167.6744
-2.40506 -4.049622
-5.474518 -3.808334
-9999 1.78743
-9999 4.265381
3.946777 -0.6472168
-1.757996 -4.039169
-2.411484 -3.445923
3.316635 1.471985
-9999 -2.081818
-2.011429 -9999
-0.6327209 -0.9963684
-9999 140.6618
-2.599991 -3.59024
5.680008 5.353683
0.2629395 -0.1318665
-2.417572 -7.357056
-3.519989 -1.866653
2.921432 0.5596619
-9999 0.6001434
-2.736847 -3.563644
-9999 -0.1653442
-1.167023 12.12741
0.1600037 0.1333466
-9999 -0.8026581
0.01817322 177.0392
5.664337 1.723083
0.9580536 2.127274
1.07196 -3.691849
3.291626 -0.03637695
-1.062347 -2.964111
1.175751 29.28804
1.461334 0.5619049
-0.1360016 1.202728
-2.091232 1.092102
-4.685989 83.55492
-1.197479 -0.3228149
4.595428 2.581894
-2.860001 0.5
0.3694611 -0.004562378
-2.934204 -2.164215
3.620361 1.804779
1.628067 -1.333832
-0.1000061 -0.8818207
-0.6568298 31.13455
-0.8018341 -2.043396
-0.676178 162.9167
-3.362 -0.0785675
-0.321106 -9999
1.734009 97.71734
6.880005 269.252
-1.159805 -3.522842
0.2980042 -1.013992
0.1263123 -1.946411
-1.871918 -9999
-2.670853 -3.622726
-0.8333435 -0.161911
-2.309769 -4.385956
1.058914 1.97757
2.45726 -6.484375
2.971436 0.7714233
-1.046143 0.5046234
2.43634 309.3372
1.333328 -1.322357
0.435791 -0.1865082
-0.3566589 1.845337
3.712006 3.03418
2.514297 23.97896
-0.6181793 -2.257141
-1.065582 -2.46698
-3.366119 -5.540131
-1.203018 2.112427
1.599991 0.09411621
1.360077 -0.1684265
2.975998 -2.118851
3.057144 0.2025909
-1.290237 -1.317749
2.86882 0.1779175
1.83931 0.9777679
-0.7571411 -2.599991
2.778946 4.589478
-1.970901 -2.637894
2.080673 -0.9044647
-2.340469 -0.3291931
3.375198 2.01236
-0.6044464 -4.28035
4 -2.484207
0.9760742 2.927856
-9999 0.5257111
-9999 32.74066
2.945679 70.52464
-1.29187 -0.684845
-3.225876 -3.737885
2.23999 1.257141
-9999 -8.494736
-9999 1.47287
-9999 2.658066
4.315796 0.4571533
3.657135 2.057144
-9999 -2.707687
-9999 1.10376
4.414581 65.88518
1.144119 1.90509
3.998184 5.632813
0.4623718 2.934158
0.3760681 184.4222
-9999 -1.038315
4.536835 2.112198
-0.5075378 0.05508423
1.769699 85.29697
-4.29715 0.2422791
0.8439941 1.208115
-2.526703 -4.24678
-1.723633 -2.343781
1.026321 2.097748
1.577698 2.663406
2.304001 0.5333405
-1.159195 1.277161
-0.8763123 -2.897369
6.226578 3.06221
-0.3165741 -2.510223
-0.1777802 -9999
1.163635 -1.147476
-9999 -0.1736755
-9999 455.9016
-1.376312 -4.417999
-1.031601 -3.621384
0.9382324 638.1882
3.547775 3.103897
-3.191528 -0.9218445
2.742859 95.23529
1.148712 0.1062927
-4.149994 -9999
-1.412582 -9999
-9999 -0.9515076
0.7999878 -0.342865
-0.1913757 -0.6408386
-9999 1.466156
-9999 54.14769
4.545715 -1.081558
-9999 22.1906
0.6940002 -9999
-2.090912 -3.763626
-1.682297 0.8045502
-1.90007 -4.623322
-0.6839142 133.7001
-0.07862854 1.487732
-0.4727325 -0.1894684
-1.602112 123.0946
-0.04788208 -1.418167
4.888 5.280853
-1.237534 0.3327637
-1.635803 -2.384369
-2.898911 186.2213
-2.149277 -6.363693
-2.373322 296.64
-2.835999 0.6999969
-0.5136719 142.8263
-0.1837311 -3.425827
-9999 -1.048889
-0.3336029 -2.480972
1.065796 -1.504547
1.695999 3.022217
-3.713638 -3.702942
-4.232254 142.4
-6.708771 -2.583908
-2.884888 -0.4372406
-0.1157837 -2.43158
1.349762 -0.4870453
3.384216 1.720581
-1.092575 0.2655334
3.163635 147.2779
-3.200012 105.6
-0.6818237 1.85556
-0.137146 -4.284286
-0.58461 3.131042
-2.323685 -1.793686
-2.602112 -0.7897949
-4.961945 -2.417572
-2.212006 171.324
0.1857147 -0.3912048
8.300858 9.201782
0.3405151 1.353851
4.383209 -4.269608
-0.3200073 1.798904
-2.342636 0.8963776
-0.7259216 15.3429
-0.1051636 1.915726
5.533325 2.042664
4.283875 3.377213
4.096191 542.1773
1.974365 -2.052246
-2.576004 -1.885086
-1.031281 98.84254
-1.300873 -1.567795
-1.145554 28.95369
2.364578 -9999
-4.634384 -6.581345
-1.84848 101.1782
3.376633 3.172119
0.1000061 -9999
0.5114746 -1.434479
-3.927277 122.1091
-1.182449 129.5333
1.357895 2.89122
2.745453 -2.151993
1.558975 2.593948
0.4699249 1.823776
2.531754 -0.1919403
2.436356 -1.163635
-2.185959 -1.599991
2.821426 3.150375
-6.203506 1.513153
0.6000061 0.08648682
-0.8833313 -0.9048462
4.650665 2.432007
-1.578537 -0.1555481
-2.933334 -1.771423
0.8157806 33.61488
-1.762405 -7.40451
0.3321686 -3.256882
1.464325 1.982224
-0.8727264 -1.966293
3.135712 -0.2857208
-0.3833008 358.8933
-1.132324 184.9978
-5.25 -3.1409
-1.148895 1.306458
-9999 0.2214355
2.159164 -1.940369
2.547791 -4.314285
8.44545 3.084
-3.337372 -4.118515
-0.6107483 -0.3333282
-2.354279 -2.182861
-6.8069 -0.6640015
-1.782852 -2.326843
-0.8561401 0.4693298
-1.729095 -0.05976868
-9999 0.4471741
-4.48671 58.58493
3.913864 1.28421
1.309082 1.43158
1.454544 1.309097
-9999 -5.199997
2.055664 -2.544342
2.109085 1.195145
1.018188 1.045624
-9999 0.8985291
0.7328949 104.3192
-9999 -1.800629
-0.8688965 -0.5052643
-1.396362 1.418182
-9999 173.9124
-5.424561 0.2160797
-1.717377 -0.3779449
-9999 2.256729
0.4364014 516.5953
-9999 67.94666
-3.979218 80.35188
2.933334 2.578217
2.044449 194.5933
-9999 3.040909
-0.2814789 -2.50322
1.518875 117.3584
2.495789 -2.78006
-0.6909027 -1.970901
-2.447159 90.17601
4.054138 163.3097
2 0.3000031
3.800003 12.64706
0.2724304 -0.02000427
-9999 -1.305283
-3.884216 -2.854553
0.3999939 1.733322
2.851288 1.752625
-9999 0.8832245
4.437332 135.2183
-9999 -3.5242
1.778381 3.152191
-9999 2.434052
-4.647369 1.5
-9999 0.4094543
3.676193 6.322021
-3.571426 69.08025
-9999 1.650436
-9999 2.587845
-0.01998901 -2.210907
0.3592987 -0.5257416
2.021057 2.735336
-2.857605 -3.860809
1.695999 0.9853516
1.286743 0.3947296
-0.85672 -1.519485
-2.096313 -2.47377
-0.41745 2.673447
-9999 -1.025574
1.601501 -0.5428467
-1.055435 -4.493011
-3.276306 -2.226303
0.5858154 432.3651
3.188568 3.57402
4.833145 -0.2510681
0.8561401 1.338089
0.2918701 -0.3434448
-9999 -0.401123
-1.064301 102.4857
-4.719238 -3.241959
-1.536667 -2.659393
3.571503 -2.255173
-9999 113.0597
-9999 -1.416672
-1.076187 -2.197327
-0.6940613 -2.775742
2.286331 90.63142
1.947708 2.569138
-4.5 88.51746
1.831589 -2.008423
0.9026337 0.9840546
2.906662 4.007019
4.545456 -0.1145477
3.222076 -9999
1.713135 3.204041
3.556534 7.095932
-0.3974915 0.8976135
-0.7813416 -0.958786
-0.4256439 -1.339371
2.591995 3.199997
-3.913284 -2.649872
-1.866669 -0.2380981
3.866669 -0.3282013
0.04571533 0.5915985
-5.894745 -2
-0.2812042 -2.172638
6.287994 5.021332
1.997803 155.0451
1.353149 472.8305
-0.7836914 38.3895
-3.376328 -3.144501
1.585709 1.300003
-9.410004 -2.726929
3.937683 1.521149
1.389008 -0.01843262
-5.081772 -2.589462
-2.913559 -4.35733
-0.9413452 456.6406
0.3868408 -0.6166687
-2.914413 -1.640106
-1.307144 -0.7590942
-1.272736 28.978
-4.332169 -5.716293
0.906662 -0.1173401
-1.162659 76.78934
1.380264 1.705261
0.5052643 34.4158
-0.352005 -4.512009
0.7357941 1.541214
4.872726 2.803757
0.3806458 2.085709
4.490906 1.544495
-0.8665619 0.5395508
-3.747375 -5.399994
-0.9296875 -0.5473633
-9999 142.8515
4.014221 4.512421
-9999 -7.408615
-2.349487 465.4602
-3.071991 -2.143997
0.8207703 -1.251953
3.144623 36.99817
-0.45755 2.821762
1.5 0.3499908
1.53334 114.7754
-9999 0.6983032
1.243134 -0.3144379
-0.04998779 0.4045563
-9999 0.9590759
-1.33876 1.477402
-9999 2.763382
-0.9631653 0.6641083
2.713486 1.488907
1.116882 -9999
3.919998 3.333328
0.577774 187.5459
-3.890915 -5.229095
-9999 0.7055664
-0.59021 -0.9174805
-1.276382 -9999
-4.550003 -2.003845
3.175751 1.994797
2.539734 375.6011
2.640915 1.315918
-1.815338 -3.051697
0.4562988 -2.660965
3.93985 -3.828568
-3.602371 -0.7963409
-1.129425 -2.571442
-4.346664 0.6745148
-0.7388763 -1.562561
-0.8999939 2.338455
-9999 2.050003
-9999 3.152451
3.776001 0.3999939
-3.856461 -1.674652
-2.526001 -0.75
-2.792984 -0.6186676
0.8973694 -9999
-9999 -3.242371
1.453964 -1.588898
-9999 189.5667
-9999 -2.148117
-9999 -4.642426
-4.080002 28.18668
1.78801 2.367371
-0.6959991 0.2705841
-9999 96.28854
3.209564 1.915894
-0.1333313 1.707779
-1.343079 236.3716
2.595245 2.863647
0.8421021 96.59574
-9999 93.10789
1.900009 -0.5441132
-2.097778 -6.311111
1.251282 29.22276
0.7507172 0.6519775
1.709091 -1.090912
-1.902542 -3.254532
2.335693 -0.861145
1.396698 -1.235291
2.352631 -2.403366
-9999 6.689438
-1.00946 1.563644
1.440002 0.7288971
-1.470612 -1.053665
-2.658264 547.2109
0.5078125 4.265976
-2.137726 -2.190903
2.46666 0.4888916
0.5142822 -3.516891
-0.3733368 162.4427
-4.485718 180.5809
3.574829 3.451752
-6.309082 -5.063156
-0.01913452 -2.007019
-2.271988 -3.938995
-1.231995 144.0148
2.137756 0.7297668
-0.407135 117.2186
-1.833344 20.34865
5.719284 0.1920013
3.162003 0.3172302
-4.072723 -3.989609
-3.927277 -1.951508
2.530716 104.9722
1.599991 -2.240005
-2.562683 -1.497742
-0.3840027 0.1295319
-0.7371063 177.0846
0.4824219 -9999
-1.015167 -5.889313
1.184692 -0.774826
-1.157135 -1.402588
-0.9588318 -4.663635
-1.722076 0.8436279
4.908417 5.740829
-0.4342804 -9999
-1.825455 -2.758453
-2.834503 -1.166061
-4.123077 -2.535751
-1.982452 -3.698654
3.64534 0.3219147
-1.401398 -5.230774
-3.938477 394.0363
-115.04 67.78495
-0.3885651 -3.182419
2.337143 -1.919998
-0.3383636 -3.88382
3.558945 4.982712
1.956497 -0.006668091
1.936844 1.888
-2.613785 -1.330856
-3.472 116.6301
-5.774185 -3.933334
-4.376465 -1.682755
3.948715 109.0154
0.7285767 -3.418793
-1.386673 -1.432388
0.421051 187.6741
3.856445 -2.529037
-2.078476 75.44881
3.857147 112.0132
-1.046158 -2.453339
0.09017944 182.1382
2.864609 -3.048615
-0.4912415 16.10989
-0.7138214 3.114929
-9999 -0.6974335
0.01052856 -1.037476
2.922348 -0.3040009
2.830414 -3.672226
2.203842 30.34828
-1.16922 2.690918
4.183334 -1.416656
-0.2181854 14.61017
-2.189468 -7.393097
-4.360001 -4.21106
-1.42662 -2.752945
3.199997 -2.79744
-3.996063 -2.685715
1.80072 -0.01318359
3.242859 94.99844
2.64505 191.6667
1.638 1.187988
-9999 99.71613
-9999 -12.43201
6.530151 1.565094
0.7351379 0.9922791
4.304764 -0.2752686
1.405716 -1.682297
-7.597198 -5.226974
-0.9410858 -2.005341
-1.710541 0.1033478
-9999 131.772
-2.379684 -3.693787
-9999 167.2022
-4.626297 -3.065399
-2.066681 202.9887
1.562103 186.1965
-9999 -1.717896
1.075867 0.4576874
1.600006 -1.461807
3.70668 18.82182
-0.6265259 -0.7874298
0.07388306 -2.285721
-9999 587.4166
0.5493774 0.9409485
1.309097 1.023926
-4.397202 -5.953247
-0.07432556 86.24
-3.070663 -1.060486
3.366241 1.607147
0.2786865 -1.645126
0.9282227 182.5745
-1.570847 0.3368378
-9999 2.94252
-1.911118 -1.537781
-9999 -0.9499969
-0.5570831 -4.252991
-9999 0.7740173
-1.916672 -2.826675
0.0785675 0.68396
-9999 -1.725006
-9999 -3.549438
3.138458 2.795609
-1.440918 1.577271
0.3092651 1.49437
0.2526245 11.2877
0.3569183 -3.376404
-9999 -2.502563
-0.9174652 -1.404572
-0.9563141 -0.1078339
2.099396 0.3492432
-1.845703 -7.125702
0.9953918 -1.604614
7.100006 1.564285
0.07064819 188.5943
-1.724579 -1.954834
-0.7528381 -1.075302
-4.082703 -1.928421
1.319305 147.6163
0.2648621 -0.5142822
-2.822739 -1.432739
-1.836365 -5.860367
-0.7999878 -0.7809448
0.6017761 1.236298
0.1000061 91.3
6.816666 197.0833
0.9818268 -4.052307
0.5999908 0.6999969
-0.0274353 -9999
3.013336 -2.649994
2.606857 69.92467
-1.295547 163.7308
2.445526 0.3621979
0.3428497 -2.377151
-1.370346 -9999
3.125458 -4.090973
2.054123 -0.766098
3.757721 1.871994
-1.058823 -0.7075958
1.628571 -0.2380829
-4.875153 -1.365158
0.7390442 -1.394287
2.971054 -0.578949
-0.1279449 3.29277
6.48999 2.971695
-2.463806 -4.620956
2.723419 301.2325
-1.352722 1.539993
1.923813 -0.7333374
0.9782715 178.0328
0.4430695 1.547272
-7.328003 -7.911728
3.683411 -1.016586
0.966217 -2.420151
1.913635 2.458099
-3.168793 -4.193024
-2.971436 -3.257141
5.303268 60.6736
5.152008 1.325348
0.5662994 -2.095734
0.01051331 -1.073685
-0.9374237 -2.512207
-4.513153 -7.523163
5.133331 5.113327
0.5575714 -1.937668
-2.169693 -1.417542
-9999 0.7391205
-1.326904 500.566
-2.72702 -1.698456
-9999 124.7973
0.6222229 -2.622223
1.037308 -9999
2.084854 2.048477
0.6337585 -0.3840942
-0.9279938 -2.506668
-2.368423 -0.2631683
-0.3111115 114.9252
-9999 2.441895
0.4279633 -1.389328
2.68811 -0.9846191
0.4500427 174.8998
-4.267944 -3.081573
-9999 388.5372
-0.9151001 1.32605
3.126144 120.8982
0.1693573 -1.513977
-2.30983 -0.178009
-2.797165 0.8746338
0.5090942 -0.9171753
1.653503 -3.186661
-1.128571 4.014282
3.599991 1.181992
-0.5239258 -2.632141
0.04277039 -3.250809
-9999 -3.71843
4.322006 6.217239
-0.5260468 0.6772766
-9999 3.5
-9999 0.4000092
-2.354416 0.93396
0.5859528 1.558853
-9999 -1.279816
-9999 2.981537
4.974777 2.838715
-9999 1.396561
-9999 2.611893
-4.115967 -4.699249
5.415375 0.7243958
3.384247 -1.215424
-0.02877808 1.669342
1.308182 4.400574
-5.065247 -2.897064
-0.3263092 -3.059647
-0.2599945 73.12781
-9999 -3.046005
-9999 1.142853
-9999 2.633362
-2.431549 -1.28656
-3.647552 1.890915
-2.577957 27.30891
-9999 5.148392
0.1624146 0.032547
-9999 -1.989807
-1.194672 0.2666626
-9999 5.192978
-0.2833252 -9999
4.199997 -4.114288
0.543335 -0.2071381
-0.5930176 511.02
0 -0.9411774
1.381821 0
2.644211 1.150879
-5 0.5052643
-9999 0.364624
-0.5714264 0.7571411
-5.639481 -1.086029
-2.350693 2.235184
0.4424286 -0.5666656
-3.759995 -2.424988
1.634613 -0.6620026
2.216431 -9999
0.3600006 1.839996
-4.175949 -4.078583
-0.1148376 0.7272644
0.1752472 189.0305
2.356766 -4.666656
2.976013 -0.09599304
-6.175751 -2.93071
2.354065 0.4060211
-1.510483 -0.1533203
3.896729 -0.2701263
-1.305267 52.75598
-3.097443 34.37949
-3.720276 -4.824173
0.7555542 72.46399
-2.311386 -3.195999
-0.9128418 30.26845
-1.959564 0.186676
-0.5090942 -2.72406
-1.094742 -3.761398
0.2175446 -4.386673
-2.840408 -3.422226
-1.345459 -2.731308
0.4346161 -5.040329
-0.5266724 -4.066666
1.445114 4.238083
-0.2055511 25.46405
3.908768 -2.517899
-0.3200073 -4.525726
-0.1033325 123.4761
-1.61377 109.0771
-0.7272797 -1.789474
1.254532 -2.915802
-0.6071472 167.1667
-3.360001 -7.350006
6.349319 4.739792
-1.940323 -2.651428
-2.839996 -4.649994
-0.3010864 114.6386
6.019043 -3.248489
5.787415 -9999
-0.1484833 -3.286591
-0.2840118 -2.730667
5.263153 49.10342
1.485718 0.2857208
-3.862 -9999
4.650009 4.044601
0.7837067 0.5991821
-1.55043 -2.133652
-0.2967072 -0.4848785
1.036575 3.008011
6.017258 -4.835632
-0.3501282 -0.5810089
-3.324997 -5.610718
2.603012 0.706665
-9999 1.134918
-4.244446 -3.970657
-3.317642 2.775757
0.5777893 0.1111145
-1.082993 -0.2350006
-9999 0.7050018
-2.689484 0.07142639
2.098785 147.8462
-9999 -1.772659
0.6019897 61.20717
-0.6356354 0.007995605
-2.962631 -2.742859
-9999 -0.3553772
-9999 19.86514
0.5389404 2.348679
0.2545319 -1.527283
0.01141357 155.4994
0.8484802 -0.4581909
-9999 -0.9734192
-9999 -1.129822
1.242416 0.8699341
0.9314728 145.3212
-3.442108 -3.315781
0.5828552 1.187164
1.282547 1.111115
0.1333313 0.2848206
2.569824 3.328293
2.666672 2.941666
-4.581818 -4.942856
-3.485336 -2.061096
-2.92572 -1.325714
-9999 0.8696289
2.191238 2.810104
1.507706 -1.903992
1.394867 -1.31282
1.970306 243.6398
-0.128006 -1.401047
-1.486557 4.117996
-9999 -0.3874359
2.792969 1.144073
8.88913 -0.08392334
-2.378174 -2.218185
-9999 159.6513
-3.595779 2.376114
-2.233765 -9999
0.7022705 1.564468
0.2857971 -2.754211
-0.7324677 0.9329224
-5.618469 -5.720291
-2.88147 -9999
-1.946747 0.7794342
-9999 -3.24646
0.4399872 34.1111
-9999 -0.6000061
-2.453339 -0.2406464
-5.442856 -0.6692352
1.585968 -4.700562
-9999 -1.663345
-3.237045 -3.75885
1.320923 547.7744
0.4108124 -1.314285
-9999 115.4045
-3.245331 175.5635
-9999 601.7025
-1.343781 182.8313
1.204041 1.193649
1.192688 -0.3190765
-2.524902 -9999
-9999 0.6065979
1.146667 -0.2909088
0.8884583 0.7251282
-3.514282 -6.019547
-5.261246 -5.198792
2.627274 169.3909
0.9080658 -2.400009
-0.1768494 -1.59729
2.099991 1.563995
-1.43541 -3.554703
1.152008 -2.314667
-1.231995 -1.55368
1.477921 0.1276093
7.455994 -9999
1.725723 -1.706665
-0.5870209 -3.67218
-4.563339 -6.400009
4.09697 1.764099
4.498047 0.3394928
-0.1828613 -4.613342
-4.191376 -1.882294
-0.0333252 3.449997
2.469086 1.98494
5.341095 -9999
4.658829 -2.189178
1.520462 -1.336121
1.070282 -1.168427
-0.3592834 0.4306183
-6.164291 -0.9365082
-5.14473 -1.050003
3.01001 1.794693
2.524811 -1.572342
2.24762 -0.2357025
1.992111 3.594452
-0.5346069 -3.222717
6.315155 2.268829
2.266663 -0.8000031
-5.093323 -8.133331
3.163635 -0.3359985
2.265518 1.321564
-1.734207 -1.649994
3.249146 2.872528
-3.370636 -0.3999939
-4.903046 -4.645996
-0.03465271 -0.1498108
-2.711578 -1.653793
-0.7129364 -0.7173004
1.299988 2.663635
-3.262314 -3.497284
0.07368469 -4.126312
1.563629 -9999
-6.282364 182.85
-0.1185303 4.465607
1.931427 0.1538544
0.6220093 -2.042282
0.2749939 -1.678192
3.43074 -9999
-5.685715 2.50322
-3.180359 -3.535233
2.143997 2.445084
-6.231277 -8.369827
-0.1293182 -0.1031342
-1.205322 3.066666
-0.8373566 1.308502
1.971436 -0.9214172
0.1333466 2.276199
-4.314285 -4.183456
-6.028076 -0.0969696
-1.136841 6.255157
-0.6699982 58.42546
0.8857117 3.055298
1.581253 1.768677
1.401398 299.8741
-0.8989258 1.079742
-0.09715271 -2.328888
-0.846756 -4.296265
-3.671997 -4.385376
-9999 -0.414032
5.48851 183.5411
0.02787781 -0.6308594
0.5863647 -0.3833313
0.2193909 -0.2727356
-9999 -0.09454346
0.1627808 0.8577728
1.488007 -2.479996
-4.931717 -3.463165
-4.079147 -4.28627
-9999 -0.1683502
0.1428528 -2.538467
-9999 3.452744
1.77858 -2.513153
-2.078186 226.6289
1.631348 44.14043
0.6428528 -3.550003
-2.380951 -1.890289
0.3200073 1.550003
4.661545 -9999
-9999 0.1999969
-9999 6.942856
1.328339 2.714706
-2.675858 -0.2482758
7.28421 -1.642105
-1.469238 0.5374298
4.331024 0.7199249
0.1706696 -3.915146
0.483902 -1.578186
1.984406 -0.3809509
0.4589233 -2.243393
-1.750153 0.1575317
-0.128006 -1.125
-0.3307648 1.369232
-1.538513 -3.265381
-2.802505 -9999
-4.628571 -1.844254
-1.394226 -0.1019287
0.4233856 -1.3116
-1.892838 -1.07077
-9999 -0.1774292
-2.728012 -1.951355
-0.9628143 102.8105
-9999 4.04454
-9999 -0.02461243
-9999 -1.775757
5.426559 -1.393951
-0.2174835 -1.169449
-3.313126 77.17038
-5.466019 -7.206268
-1.240356 -1.038956
-9999 173.31
-9999 -4.776825
-9999 -2.909088
2.090744 -3.503448
4 -1.745789
0.7680054 552
4.254547 -0.1013031
-0.2228699 -1.088486
-9999 1.841461
-0.7946625 -3.26619
-1.333344 1.207016
-1.433273 -2.156342
0.8721771 -2.421066
1.034607 -0.03761292
0.1999969 -1.848282
-9999 0.1410828
-9999 -3.478333
-1.386841 -3.755035
-9999 3.888885
-1.333344 72.02856
-4.506668 -2.183334
-9999 516.7866
0.8285675 -2.721436
-0.1737671 108.8929
-1.472717 -0.5700226
-6.063171 -5.874298
-1.35878 -0.7779999
-2.242432 146.8623
-9999 -3.305222
-2.287994 -3.486069
-1.506485 -1.442856
-2.621704 -2.04126
-2.11586 -0.8115387
1.338455 3.105652
2.202652 -0.8896637
-1.323578 -2.451065
-1.867996 2.031998
-1.980316 110.0732
0.2105255 0.7923431
-0.9972839 -2.109894
-1.703888 1.423386
-3.071991 4.143997
1.695999 2.282104
3.254547 2.934555
1.941925 -0.9312134
-2.290283 -1.859955
0.01428223 0.009094238
-9999 2.87999
-2.465027 0.3540192
0.3665466 0.940567
-0.3025513 -2.763794
0.994278 -1.478439
-0.01818848 -1.307693
-9999 2.588226
-3.177277 -1.294449
-1.607666 2.298325
5.09523 2.784134
-5.022003 -4.526321
-1.3638 -2.423813
0.7454529 -9999
-2.450287 -1.357925
1.165558 -2.471985
1.254379 -0.05990601
1.813156 0.5405884
-2.154327 -3.350906
-2.044617 408.508
-9999 4.141174
-1.973328 -0.1955566
-0.5772705 -0.4000244
0.2050934 -1.575119
2.391998 -1.126312
-1.426163 -1.237076
0.7302856 -0.3824921
0.03292847 1.66571
-83.86667 -86.02667
-1.978943 -0.6989441
-6.333328 -4.343857
-2.46051 -5.917648
4.29538 1.330002
-3.279999 82.18666
-0.317749 -1.235718
1.090912 6.527283
-3.083527 -3.174271
3.465408 0.554184
0.3692322 -2.256409
0.8000031 3.779312
1.818176 0.71698
3.025833 1.476364
1.892471 4.163727
-0.6483612 -2.757446
1.460358 0.04838562
6.566666 185.0355
-1.288895 -1.511124
-0.962677 -1.015198
-2.699799 -2.763794
-0.749054 1.678055
-1.406311 -9999
-3.20546 -5.049484
-0.1745605 -3.954559
1.025528 1.225525
0.09999084 -0.1105347
0.379425 2.875427
-0.0266571 4.181824
-2.552795 345.5746
-3.984604 10.1158
-3.789551 -4.272064
-1.070435 1.132095
2.692307 0.9310303
4.331787 -1.117325
-4.317123 185.1425
1.846146 2.947357
3.374008 -1.776306
3.266678 3.733337
-9999 0.6966705
-2.310867 -0.892868
1.043015 -0.6399994
1.333832 1.883118
-1.036362 1.710968
1.669922 1.272522
-1.57576 -0.3809662
-9999 161.9636
0.3258209 -0.7242889
-9999 1.907074
-1.240906 -1.838898
-1.107391 168
-9999 3.360001
-2.915161 -0.9510498
-1.812363 1.345459
-9999 2.002319
-0.8207855 -0.1880341
-0.7594757 0.1196594
-0.008850098 -0.4457092
-2.990479 -2.278793
-1.25 1.236374
1.020798 -1.530075
-0.9192963 0.4858398
-0.007141113 -0.4833221
-0.452301 0.8628998
1.400681 -0.08201599
-9999 -4.905273
0.4219666 0.4037781
-9999 6.266663
-9999 2.271439
-1.437759 1.657684
-1.509674 -0.1499939
2.670837 -1.566223
4.463455 4.672012
0.1098328 -1.251297
2.020782 107.9648
2.342865 -9999
-9999 -5.251129
-1.449997 -3.199997
1.688889 0.5904846
-9999 0.2828369
2.870575 93.06253
-2.872879 0.9864655
-9999 -1.093338
1.113831 79.38582
-3.959076 -3.749557
-2.454071 -1.797623
0.7980042 -2.68158
-3.178543 -0.03511047
-9999 1.038605
-3.728012 -5.893341
-2.870682 -5.984955
-2.415161 -1.331238
-0.2675323 -1.198959
-9999 -0.9947052
-9999 174.9903
1.077606 -2.595123
-3.730835 -3.307831
-0.1944427 -2.180725
2.327286 185.4196
-9999 -1.104706
-0.1045685 -2.470795
-3.31012 -3.762054
4.581818 0.6745148
-2.519348 0.01574707
0.2915344 -0.06298828
-0.1500092 -0.3500061
-9999 -3.866165
1.020782 -2.236374
2.377777 -0.9151459
-4.75 -0.5285797
-9999 -0.9900055
-3.771439 -4.505264
-1.795563 -1.801712
4.248001 2.066666
-1.602463 -9999
0.8800049 -3.337402
-9999 -7.786667
-9999 2.403885
-0.7192993 -0.7478638
-9999 -0.2918701
-9999 1.401398
-9999 -0.04112244
-0.4945526 -1.919998
3.555557 -0.736908
-9999 -2.456543
0.9760132 -0.9454498
-7.183167 -9999
-5.53334 -4.715149
-9999 -1.810516
3.1091 -0.9909058
-4.345459 -3.728302
-1.211426 2.446747
-1.367035 -3.207886
-0.7909088 0.6960907
-0.7157898 -0.6285706
0.5741119 0.4342804
-1.343994 0.8849335
0.9613953 1.045151
4.518799 -0.2250519
-3.479996 -1.254547
0.9230804 -3.476929
0.8986816 0.9936829
-0.4292145 -0.4056702
3.632202 6.721527
-1.479996 -3.389099
5.279999 6.279999
0.4055939 1.083511
3.079697 -9999
3 -0.4857178
-2.055756 3.363632
4.222229 -9999
-1.446152 -3.119995
0.8496552 -2.110336
-6.56842 -9999
-7.490921 -3.940918
1.842102 3.854538
-0.9224243 -1.556503
-2.230667 -2.147018
-4.956009 -6.970398
-0.1600037 150.7368
-4.839996 -9999
-3.464722 5.62619
-1.764847 -3.815048
-0.9454498 -3.712845
-1.838089 -3.420212
-0.2289734 0.598465
2.474182 2.055542
4.722427 2.209091
6.080002 3.753845
-1.469101 66.85561
-0.5266724 -0.8056183
0.8799896 0.6070557
1.21666 -4.422989
-0.7602997 3.382858
4.67778 3.841187
0.3680115 -0.9613953
-2.235901 -3.323807
3.184006 2.201157
-2.666672 0.01696777
-5.352737 -3.339401
-1.162323 -1.754364
-4.292572 -3.948578
2.013184 -9999
2.190002 3.418945
0.447052 0
2.326019 4.275085
-0.07514954 -3.007614
-4.802292 -2.030869
-2.680695 -0.7695923
-0.6887817 0.5263214
0.01985168 0.7384491
0.4000092 -1.261536
-0.2706757 0.3574524
-2.016006 -1
0.9671783 2.762939
-1.721909 -1.759995
-0.8746643 -2.278107
1.201752 0.5312805
-0.8659363 -0.7872925
1.3293 1.977783
-9999 2.040009
-1.665375 -4.901093
-3.596146 2.83078
3.306671 0.1161957
0.07273865 1.972733
1.918182 0.6043854
0.7518768 0.1624146
3.235901 2.654953
-1.015579 2.016006
-1.245712 -2.756226
8.099991 5.333328
-2.319626 0.3171387
2.846313 -0.2349854
8.866669 -9999
-9999 -0.2060089
1.771271 -2.428665
1.116745 -1.929413
-1.661957 -6.65567
0.09422302 0.6085052
1.024002 0.6984711
0.6277771 -1.858597
-9999 37.12242
-1.792007 0.9575348
-1.919998 -1.144241
-0.1330109 -0.5337067
-9999 738.4249
-9999 -0.4334869
2.668518 -1.486374
-1.881821 -0.5285645
3.468185 -1.281815
-9999 341.7236
-0.9824524 0.1747131
1.373993 -1.737289
0.6399994 -2.188568
-1.784241 -1.780563
-9999 1.105881
-0.3542633 -4.42215
-0.08000183 -0.2666626
4.50473 3.734268
-2.736847 -4.394592
0.3658752 184.3571
-1.111115 -3.061111
-3.963623 -0.7454529
0.3766785 39.78159
0.6933289 2.533325
1.557693 0.7700043
-9999 1.140076
-1.142868 1.199997
-2.402802 83.29624
-1.300003 -2.185715
0.6399994 1.494232
-6.559998 -7.039993
2.863159 2.228577
-9999 3.086868
-9999 2.141342
1.2948 -0.1225891
-2.036728 -1.802032
2.813629 -3.150009
-9999 0.8909454
-0.3384552 0.6329651
3.718735 -2.23526
-1.262207 -1.610657
4.409988 -0.5585175
-9999 170.4967
-9999 4.618378
-1.590286 179.0456
3.605743 -9999
2.714172 4.332626
-9999 -0.5766602
-9999 0.2380371
5.800003 3.297562
-9999 -5.540741
-1.42334 -5.050003
-3.133331 -1.533325
4.798584 4.820587
1.812119 0.5454559
0.1372986 1.924576
-0.6099548 -0.9047394
-2.947357 -1.415375
-9999 -0.8040771
0.8060608 -9999
-9999 3.643127
0.8051453 0.1638947
2.298782 2.869385
-1.552155 -2.909348
-1.395737 1.702133
-9999 5.936844
-0.4000092 0.2545471
6.26767 -0.3849487
-2.783997 -4.735992
-9999 1.154282
-1.198441 -9999
-3.835724 -0.6015167
-0.2106781 1.010712
-4.031815 -4.745453
-3.132507 -1.807816
-1.877899 -3.048798
4.257156 194.1434
2.141357 3.488724
-0.3000031 0.6603394
-4.005814 -4
-4.739044 1.646667
-0.5099945 -0.4145355
0.01420593 0.215683
-0.9454498 -0.8027954
0.9347382 -2.527908
-1.955551 -0.4888763
-2.199997 -0.345459
-4.057297 -2.036789
-4.550003 -1.604553
-3.142868 0.4150238
-3.243637 1.048126
1.79393 0.9734192
-2.236435 -5.89798
112.8254 -1.278305
0.07714844 -0.7137756
-0.41539 55.12654
-1.151993 -9999
1.368317 3.015381
-2.143448 0.8423462
-2.652634 156
4.285019 16.83887
-1.215988 -4.079987
2.787872 0.6666718
-5.754547 -1.899002
-0.4126282 -1.959991
-0.3654633 144.5742
1.635559 -9999
-4.736008 -3.376007
2.361267 3.67955
1.27272 2.21817
0.1473694 -0.4469147
-1.738708 187.2338
0.3333435 -9999
3.563644 0.07273865
-1.897995 24.65527
-2.676666 95.25333
2.817032 -9999
-2.110336 -2.94545
-0.3169098 0.5591583
3.240189 -3.29454
-4.250275 -3.81987
3.26738 -0.1937866
9.570908 4.443634
-1.75 -3.593552
-4.156143 -4.844437
3.283112 -9999
3.788513 -9999
-2.035095 -2.821503
0.02856445 -3.963638
2.79274 0.1298828
0.9463196 0.576004
-11.54779 -13.92728
-0.7852325 -9999
5.001144 -3.895996
-2.260284 -2.442108
-1.151993 172.2164
-0.9673767 -1.015381
-1.858154 -2.401154
-0.2724152 101.8276
-9999 -2.75
-9999 -0.2400055
-4.121918 -5.660385
-0.3939972 -1.458282
-0.5226593 -0.5999908
-9999 1.535995
-9999 1.957138
-9999 1.840988
1.225128 -9999
1.557144 3.457138
-2.040909 74.47272
-1.829544 -4.660721
4.85614 -9999
-9999 -0.8407288
2.93187 2.019043
-9999 1.544815
4.3181 2.28952
-9999 -6.246613
-0.4966736 -1.471664
0.1338348 1.593262
-9999 -5.301102
0.7314301 -1.769989
-9999 0.4619141
-0.4807739 -0.8863678
-9999 2.464859
-0.03007507 -0.7157898
2.502731 0.2447357
-0.2448425 0.7198639
-5.493332 -2.864761
0.563446 55.84314
0.3688507 0.4459381
2.681274 3.336044
1.349976 1.072205
-9999 2.12381
-1.645615 -4.128952
0.1142883 -1.501709
-4.415375 -1.399994
4.379211 2.30777
-9999 0.4332428
0.07368469 -0.2210541
2.686859 4.323227
-9999 3.587616
-2.248123 -1.10527
-0.7042999 0.7619781
0.420578 3.341095
0.00541687 -1.188568
2.600006 0.3090973
-9999 -0.07368469
-9999 0.6537933
4.836182 1.393326
3.088715 0.8161926
-5.063156 -9999
-9999 0.0330658
4.509094 0.9590912
6.160004 3.76001
0.4307709 0.3500061
-9999 -1.251953
-0.5500031 -7.77858
-3.659485 -3.953384
-9999 66.23698
0.2582855 -4.285706
1.243637 -0.5863647
0.3452759 0.5052643
3.031326 2.947998
-1.349991 -3
-0.8929291 -1.789169
-1.490906 -3.490906
5.266678 5.29068
-9999 -1.950012
0.3873749 -2.131424
0.1348572 -1.007996
0.8344421 -4.566895
0.100708 -3.614746
-3.661087 -4.571426
-1.770126 -2.001709
-2.171631 177.3305
-1.25 2.349991
-2.635788 -0.9745483
-9999 -0.4799957
0.3409119 3.527283
-3.523392 -14.51163
-3.215988 30.334
-1.503036 3.254547
-1.745453 0.2545471
1.76001 1.609528
-9999 81.55951
3.326309 4.49231
-9999 -0.421051
-9999 -3.648056
2.754669 1.977783
-3.051437 0.4430695
-9999 135.4859
0.9960632 -1.386292
-9999 127.6533
-9999 -3.785294
-1.363647 0.419342
0.3358307 -2.759506
1.723633 1.811615
-1.259995 -1
-1.305267 -4.940353
4.340317 -1.419998
1.045319 -0.576004
-0.2184753 -0.4344788
3.045456 1.570969
-1.284851 -0.9946594
7.394287 2.930008
-3.294113 -1.681992
0.3420105 135.8833
-5.657898 -0.7285614
-0.1173248 -1.883331
1.828568 2.299652
-3.189102 -0.6228638
6.983459 2.073135
-2.329529 -3.407715
0.05595398 2.092316
3.687271 0.7314301
1.102844 4.63472
0.5252533 31.2
2.29715 -0.8872681
-2.231827 -1.800003
-0.2412262 -0.2879944
-0.3733368 -1.440002
0.1454468 -9999
0.1369019 -2.442902
3.525162 -1.181534
-2.266983 -1.265381
-6.252625 -4.979904
1.838089 0.07669067
0.4654541 -2.298172
-4.411758 -9999
-2.057541 -5.397339
2.358612 0.9480896
-2.5793 -4.326675
4.311111 3.911102
-2.311691 -2.723801
-2.104767 -1.294006
4.962418 4.705261
-2.909088 -5.056458
-2.297119 -3.795807
1.908768 -0.2947388
-6.346664 -9999
1.235596 1.766418
-0.3136444 -0.2733154
2.31514 -1.200012
-3.34668 -2.718109
1.051346 0.9250031
-4.100006 -4.876923
0.03135681 -2.214066
0.8409119 -0.9301453
0.5852509 137.7852
-1.926315 -0.647995
-0.2171021 2.965897
-1.205338 0.6577759
0.8568878 -0.06219482
-3.549988 2.707703
-1.194794 307
-3.957886 149.2667
0.5357208 57.71649
-2.342621 -4.168625
3.622223 173.0465
0.2301636 0.2819061
-9999 1.049149
-1.324387 -1.532104
