0
0
0
0
0
0
0
0
0
0
0
0
0
0
0
0
0
0
0
0
0
0
0
0
0
0
0
0
0
0
0
0
0
0
0
0
0
0
0
0
0
0
0
0
0
0
0
0
0
0
0
0
0
0
0
0
0
0
0
0
0
0
0
0
0
0
0
0
0
0
0
0
0
0
0
0
0
0
0
0
0
0
0
0
0
0
0
0
0
0
0
0
0
0
0
0
0
0
0
0
0
0
0
0
0
0
0
0
0
0
0
0
0
0
0
0
0
0
0
0
0
0
0
0
0
0
0
0
0
0
0
0
0
0
0
0
0
0
0
0
0
0
0
0
0
0
0
-0.001183432
-0.006508876
-0.02307692
-0.05621302
-0.04615385
-0.04023668
0.02662722
-0.04497042
0.01301775
-0.005917163
0.02662721
-0.03550296
0.01242604
0.001775138
0.01715977
-0.005917161
0.05917161
-0.002958581
0.03491122
0.00118343
0.003550299
-0.02781065
0.01538462
0.02130177
0.0005917191
-0.02781064
0.04201183
-0.01775148
0.007100586
-0.02307693
0.06568047
0.02011834
0.02011835
-0.01952664
0.005325444
-0.01005918
0.01360947
-0.05443788
0.004142007
-0.001183431
-0.007100589
-0.04970413
0.06272189
-0.02071005
0.03550295
-0.03727811
0.05088759
0.007100591
-0.01893491
-0.02544379
0.06982248
0.2591716
1.346745
3.253847
5.624852
7.081065
7.938461
8.392901
8.782248
8.87929
8.957396
8.884026
8.875739
8.759172
8.669231
8.534913
8.440237
8.212427
8.113017
7.904732
7.784022
7.614791
7.43846
7.291124
7.144969
6.947928
6.818934
6.64911
6.592308
6.440828
6.324852
6.087573
5.917752
5.745562
5.681067
5.470414
5.399409
5.241421
5.129587
4.940237
4.88935
4.686392
4.631953
4.453254
4.387573
4.267456
4.181065
4.037278
3.981658
3.78225
3.734911
3.604734
3.520118
3.392308
3.333136
3.165089
3.157988
3.012426
2.984024
2.833136
2.792308
2.739053
2.661538
2.555621
2.569231
2.401183
2.378106
2.257397
2.256213
2.164497
2.131953
2.040828
2.018343
1.927811
1.931362
1.854437
1.83432
1.725443
1.672781
1.642603
1.628402
1.533727
1.52071
1.439645
1.475739
1.393491
1.357988
1.251479
1.339645
1.22781
1.223077
1.165089
1.163906
1.120118
1.072781
1.03787
1.015976
0.9597633
0.9816568
0.9224855
0.927219
0.8497039
0.8266273
0.8272189
0.8218936
0.7970413
0.7834323
0.747929
0.7686392
0.6887576
0.7011835
0.6562129
0.6958579
0.6136093
0.6520711
0.6254439
0.6331362
0.5781064
0.5579882
0.5189347
0.5621302
0.4810654
0.531361
0.4325444
0.5011834
0.3976333
0.4260355
0.4011835
0.4295858
0.395858
0.3923078
0.3627218
0.3940829
0.3786983
0.3822486
0.3189349
0.3473373
0.3236686
0.3360947
0.2520711
0.3337279
0.2674556
0.2869823
0.2573965
0.3005917
0.2662722
0.2355029
0.2017751
0.2934912
0.247929
0.3053254
0.2118343
0.2307692
0.07514796
0.06982248
-0.003550296
0
0
0
0
0
0
0
0
0
0
0
0
0
0
0
0
0
0
0
0
0
0
0
0
0
0
0
0
0
0
0
0
0
0
0
0
0
0
0
0
0
0
0
0
0
0
0
