0
0
0
0
0
0
0
0
0
0
0
0
0
0
0
0
0
0
0
0
0
0
0
0
0
0
0
0
0
0
0
0
0
0
0
0
0
0
0
0
0
0
0
0
0
0
0
0
0
0
0
0
0
0
0
0
0
0
0
0
0
0
0
0
0
0
0
0
0
0
0
0
0
0
0
0
0
0
0
0
0
0
0
0
0
0
0
0
0
0
0
0
0
0
0
0
0
0
0
0
0
0
0
0
0
0
0
0
0
0
0
0
0
0
0
0
0
0
0
0
0
0
0
0
0
0
0
0
0
0
0
0
0
0
0
0
0
0
0
0
0
0
0
0
0
0
0
0
-0.002072539
-0.01761658
-0.05595855
-0.08445595
-0.0818653
-0.01709844
-0.0212435
-0.04715024
-0.06010363
0.0119171
-0.05388601
-0.02590673
-0.01295336
-0.007772028
-0.04922281
-0.03264247
-0.04455958
0.001036271
-0.01347151
0.02797928
-0.04455959
0.02072538
-0.02020724
0.01709846
-0.02020725
-0.01865285
-0.02590675
-0.005181342
-0.05077721
0.007253889
-0.005181347
-0.00414509
-0.03834197
-0.002072538
-0.001554401
0.04611399
-0.01036269
0.02849741
0.009844565
0.03678758
-0.01865286
0.07512953
0.01865285
0.01088083
-0.01295337
0.03678757
-0.02176168
0.03056995
-0.0165803
0.07461141
0.2300518
1.126943
2.615026
4.459067
5.567358
6.241969
6.568911
6.87513
6.895853
6.974092
6.837824
6.810884
6.614509
6.581346
6.395335
6.35026
6.129016
6.02746
5.873576
5.774094
5.593782
5.485493
5.293266
5.200001
4.987566
4.905183
4.683421
4.613472
4.406735
4.248186
4.031606
3.968912
3.752332
3.639897
3.507255
3.44456
3.29171
3.248706
3.117616
3.133161
2.990155
2.921762
2.82228
2.822798
2.681348
2.662695
2.564248
2.531088
2.427979
2.426425
2.278238
2.250259
2.16373
2.176166
2.069429
2.090155
1.964766
1.972538
1.866321
1.892228
1.826942
1.803109
1.681865
1.731606
1.570466
1.595854
1.548705
1.527979
1.474612
1.452332
1.340932
1.392746
1.278757
1.350259
1.254404
1.266321
1.206218
1.190674
1.165285
1.162176
1.11399
1.107254
1.042487
1.067358
1.006736
0.9984456
0.9067358
1.001036
0.8725387
0.9041452
0.826943
0.8559588
0.8041453
0.807254
0.7077721
0.7875647
0.7088083
0.7740932
0.6549224
0.7274612
0.6305701
0.6549224
0.5917096
0.6549223
0.5989637
0.6124351
0.5259068
0.5658031
0.5341969
0.5476682
0.492228
0.5139899
0.4440416
0.4709843
0.4036269
0.4911917
0.3725389
0.4492226
0.3658031
0.4549223
0.3549223
0.4305699
0.331088
0.3896372
0.2891192
0.3243523
0.2803108
0.3284974
0.2984455
0.319689
0.2393782
0.2948187
0.2891192
0.2896373
0.2450777
0.2865285
0.2466322
0.2860104
0.2108808
0.2694301
0.215544
0.2523317
0.1829015
0.2595855
0.2088083
0.2585492
0.1580311
0.2134715
0.1782383
0.2393782
0.142487
0.1621762
0.07979275
0.04041451
0.01917098
0.004145078
0
0
0
0
0
0
0
0
0
0
0
0
0
0
0
0
0
0
0
0
0
0
0
0
0
0
0
0
0
0
0
0
0
0
0
0
0
0
0
0
0
0
0
0
0
0
