0
0
0
0
0
0
0
0
0
0
0
0
0
0
0
0
0
0
0
0
0
0
0
0
0
0
0
0
0
0
0
0
0
0
0
0
0
0
0
0
0
0
0
0
0
0
0
0
0
0
0
0
0
0
0
0
0
0
0
0
0
0
0
0
0
0
0
0
0
0
0
0
0
0
0
0
0
0
0
0
0
0
0
0
0
0
0
0
0
0
0
0
0
0
0
0
0
0
0
0
0
0
0
0
0
0
0
0
0
0
0
0
0
0
0
0
0
0
0
0
0
0
0
0
0
0
0
0
0
0
0
0
0
0
0
0
0
0
0
0
0
0
0
0
0
0
0
0
0
-0.003012049
-0.01385542
0.005421686
-0.04819279
-0.03674698
-0.008433738
-0.01084338
-0.05903615
0.02289156
-0.0572289
0.007228916
-0.01385542
0.01927711
0.001204821
0.003614459
-0.04759036
0.001807233
-0.01325302
-0.01566265
-0.02409639
0.01325301
-0.005421686
0.004819276
-0.07228915
0.02650603
-0.04819277
0.02650602
-0.02289156
0.02168675
-0.02168675
0.01024097
0.007228914
-0.02349397
0.01084338
0.01626505
-0.03072289
0.007228917
0.01746987
0.03855421
-0.01686747
0.04939758
0.01506024
0.05963857
0.02409639
0.07168676
-0.006024098
0.03192771
0.03433735
0.02710844
0.2337349
1.544579
4.216265
7.121688
9.125303
10.27229
10.88675
11.24458
11.30181
11.32771
11.27109
11.16808
10.95181
10.81145
10.57349
10.39759
10.14639
9.951805
9.699396
9.497588
9.234337
9.041566
8.822893
8.642168
8.441566
8.217467
7.997591
8.004819
7.834941
7.708436
7.43976
7.215061
7.056023
6.879519
6.706024
6.526508
6.371083
6.193979
6.021085
5.862049
5.75
5.586746
5.412049
5.276506
5.142773
4.983736
4.86506
4.743373
4.583132
4.457228
4.343975
4.227711
4.080121
4.018072
3.87771
3.823494
3.669878
3.604217
3.498193
3.407228
3.304216
3.21506
3.088554
3.034337
2.899397
2.874698
2.803012
2.73253
2.612048
2.586748
2.5
2.41506
2.374699
2.283133
2.275904
2.204819
2.146988
2.069277
2.027711
2.008434
1.914458
1.892771
1.809639
1.831928
1.730723
1.742169
1.613856
1.61506
1.6
1.554819
1.473494
1.449398
1.418674
1.369277
1.328313
1.310844
1.283133
1.224699
1.18494
1.154217
1.145181
1.093373
1.057229
1.06988
1.041566
0.9957832
0.9566264
0.9608436
0.926506
0.8993975
0.854217
0.8240967
0.8180724
0.8054218
0.7518073
0.7903616
0.723494
0.7090363
0.677711
0.6650603
0.6421688
0.6475906
0.6277109
0.6295183
0.5548193
0.5927711
0.5307229
0.5337352
0.4891568
0.5222894
0.4855424
0.4662651
0.4801205
0.4361445
0.4487954
0.4843374
0.4283133
0.4361446
0.4030122
0.4240965
0.370482
0.4451807
0.3475904
0.3728915
0.3506024
0.2963856
0.3445783
0.3451807
0.326506
0.2801205
0.2933734
0.2271084
0.1108434
0.02048193
-0.001204819
-0.003614458
0
0
0
0
0
0
0
0
0
0
0
0
0
0
0
0
0
0
0
0
0
0
0
0
0
0
0
0
0
0
0
0
0
0
0
0
0
0
0
0
0
0
0
0
0
0
