0
0
0
0
0
0
0
0
0
0
0
0
0
0
0
0
0
0
0
0
0
0
0
0
0
0
0
0
0
0
0
0
0
0
0
0
0
0
0
0
0
0
0
0
0
0
0
0
0
0
0
0
0
0
0
0
0
0
0
0
0
0
0
0
0
0
0
0
0
0
0
0
0
0
0
0
0
0
0
0
0
0
0
0
0
0
0
0
0
0
0
0
0
0
0
0
0
0
0
0
0
0
0
0
0
0
0
0
0
0
0
0
0
0
0
0
0
0
0
0
0
0
0
0
0
0
0
0
0
0
0
0
0
0
0
0
0
0
0
0
0
0
0
0
0
0
0
0
0
0
0
0
0
0
0
0
0
0
0
0
0
0
0
0
0
0
0
0
0
0
0
0
0
0
0
0
0
0
0
0
0
0
0
0
0
0
0
0
0
0
0
0.00157647
0.00157647
-0.00156078
-0.00156078
-0.00156078
-0.00152941
0.00252549
0.00662745
0.0367294
0.0336392
-0.000509804
-0.0190667
0.0228706
0.00131765
-0.0181882
0.0164549
0.0321412
-0.00864314
-0.0368784
-0.0212941
0.0226275
-0.0479608
-0.0244314
0.0210588
-0.0087451
-0.00717647
-0.0197255
-0.0369804
0.00223529
0.0336078
0.0163529
-0.0165882
0.0194902
0.0163529
-0.0307059
-0.0150196
0.000666667
0.0210588
-0.0291373
0.0179216
0.0445882
0.0226275
0.0132157
0.0273333
0.00694118
-0.0307059
0.0210588
0.0226275
0.041451
0.0367451
0.00694118
0.028902
0.0147843
0.0163529
-0.0338431
0.000666667
-0.000901961
-0.0244314
-0.0401176
0.0257647
-0.0103137
0.0210588
-0.0165882
0.0241961
0.0085098
0.0147843
-0.0416863
-0.013451
0.00223529
-0.0448235
-0.0307059
0.000666667
-0.0165882
0.0194902
-0.0197255
-0.013451
-0.0103137
0.000666667
0.0116471
0.000666667
-0.00403922
-0.0322745
-0.00247059
0.00380392
0.0147843
0.0100784
-0.0150196
-0.0087451
0.0461569
0.0132157
0.0273333
-0.0432549
-0.0307059
0.00380392
-0.0212941
-0.0212941
-0.013451
-0.0448235
0.00223529
-0.0118824
-0.00247059
0.0132157
-0.0244314
-0.0401176
-0.0103137
-0.0150196
-0.0291373
-0.0275686
0.0194902
-0.00717647
-0.0103137
0.0179216
0.0179216
-0.026
-0.0228627
-0.0307059
0.0132157
-0.0197255
-0.0432549
-0.0573725
0.041451
0.00537255
-0.0636471
-0.0354118
0.00223529
-0.0542353
-0.0087451
0.0116471
-0.0275686
-0.0228627
-0.0354118
-0.0181569
0.0226275
-0.00717647
-0.0212941
0.0179216
0.0226275
-0.0118824
0.0241961
0.000666667
0.0273333
-0.00403922
0.0194902
0.0116471
0.0555686
-0.00247059
0.0085098
-0.0401176
0.0492941
0.0210588
0.0304706
0.0179216
0.0351765
-0.00247059
-0.0244314
-0.0338431
0.00537255
0.0147843
-0.0165882
-0.00403922
0.0194902
-0.0181569
-0.0369804
-0.0181569
0.0524314
0.0524314
-0.0197255
0.0398824
0.0257647
0.066549
0.0100784
0.0257647
0.0273333
0.0179216
0.0085098
0.0147843
0.0351765
0.00380392
-0.0103137
0.0100784
-0.0181569
0.0085098
-0.0118824
-0.0103137
0.0132157
-0.0150196
-0.000901961
-0.00247059
0.0241961
0.0132157
-0.0354118
0.0147843
0.0116471
-0.00717647
0.0100784
0.00537255
0.0147843
-0.0150196
0.000666667
0.00537255
0.0179216
0.0100784
-0.0463922
0.00223529
0.00223529
0.0179216
-0.0087451
0.0210588
0.0336078
-0.0087451
-0.0150196
-0.0307059
0.0085098
0.0179216
0.000666667
-0.013451
-0.013451
-0.00247059
-0.0118824
-0.0181569
-0.00717647
0.00537255
-0.00717647
0.0226275
-0.0589412
-0.0087451
-0.0212941
0.0524314
0.0257647
-0.0291373
-0.0244314
-0.0401176
0.0383137
-0.0181569
-0.0103137
0.00694118
0.0367451
-0.000901961
0.00223529
0.000666667
-0.000901961
-0.0291373
-0.0652157
-0.0181569
0.0226275
-0.00560784
-0.0244314
0.0100784
0.0304706
0.00223529
-0.0165882
-0.00560784
0.0241961
0.00223529
-0.00247059
-0.0275686
-0.026
-0.013451
-0.0118824
0.00380392
0.00537255
0.0179216
-0.0463922
0.0210588
-0.038549
-0.00717647
-0.0448235
-0.026
-0.0244314
-0.038549
-0.0087451
-0.0181569
0.0100784
-0.0150196
-0.0212941
0.00694118
-0.0103137
-0.0197255
-0.0181569
0.00537255
0.0257647
-0.0354118
-0.0495294
0.0163529
0.0163529
-0.00560784
-0.0589412
-0.0103137
-0.0416863
-0.026
-0.0401176
-0.0448235
-0.0322745
0.0179216
-0.0181569
-0.038549
-0.0307059
-0.0181569
0.000666667
-0.0212941
-0.0416863
-0.0307059
-0.0354118
-0.013451
-0.0212941
-0.0401176
-0.0416863
0.0132157
-0.00403922
-0.0103137
-0.0542353
-0.0338431
-0.0181569
0.0226275
-0.0275686
0.054
0.0116471
-0.00247059
-0.0338431
0.0241961
-0.0338431
-0.013451
0.0179216
0.0085098
0.0273333
-0.0244314
-0.0322745
0.0445882
-0.0181569
-0.0197255
-0.0291373
-0.038549
0.0241961
-0.0197255
0.00694118
0.00694118
-0.00247059
0.000666667
-0.0103137
0.000666667
0.0398824
-0.0275686
-0.0165882
0.0524314
0.0179216
0.0194902
0.0602745
0.0241961
0.0445882
0.0477255
0.0445882
0.0226275
0.0571373
0.0304706
0.0304706
0.0351765
0.041451
0.00223529
0.0587059
0.0853725
0.0383137
0.0100784
0.0320392
0.0241961
0.0116471
0.0226275
0.0194902
0.0210588
0.054
0.0116471
0.0226275
0.0869412
0.0508627
0.0257647
-0.0244314
0.0336078
0.054
0.0461569
0.0085098
0.0430196
0.0461569
0.0179216
0.0132157
0.0587059
0.0367451
0.0508627
0.0320392
0.0822353
0.0634118
0.0351765
-0.00247059
0.00694118
0.0100784
0.0226275
0.0304706
0.0367451
0.0132157
0.028902
0.0132157
0.0085098
-0.00560784
0.00380392
-0.0212941
0.0210588
0.0555686
0.0116471
0.0367451
0.0179216
0.0257647
0.0555686
-0.000901961
0.0147843
0.0257647
-0.0165882
0.0210588
-0.0165882
0.0477255
-0.000901961
0.0226275
-0.00560784
0.0257647
-0.0165882
-0.000901961
-0.013451
0.0116471
0.000666667
-0.0165882
0.0383137
0.0194902
-0.0212941
-0.0558039
-0.0338431
0.0100784
-0.013451
0.0210588
-0.0448235
0.0367451
-0.0322745
-0.0087451
-0.0118824
0.0132157
-0.038549
-0.0291373
-0.0573725
-0.0118824
-0.0118824
-0.0307059
-0.000901961
0.0210588
0.000666667
-0.0275686
-0.0181569
-0.00247059
-0.000901961
0.00223529
0.00694118
-0.0212941
-0.0605098
-0.0212941
-0.013451
-0.0589412
-0.00717647
-0.0118824
-0.0401176
-0.0275686
-0.00247059
-0.0558039
-0.0197255
-0.00717647
0.0226275
-0.0448235
-0.00560784
-0.0212941
0.000666667
-0.0275686
-0.026
0.0163529
-0.013451
-0.00717647
0.00380392
0.000666667
-0.00560784
-0.0307059
-0.0244314
-0.0338431
0.00223529
-0.0087451
0.0257647
-0.013451
-0.0165882
-0.0165882
0.0304706
0.0383137
0.00694118
-0.00717647
-0.0150196
0.0257647
0.0445882
0.000666667
-0.038549
0.0900784
-0.0118824
-0.00560784
0.0273333
0.0367451
0.0461569
-0.0212941
0.0210588
0.0194902
0.0304706
0.0351765
0.0116471
0.0477255
-0.0165882
0.0336078
0.0351765
0.0524314
0.0163529
0.0116471
0.0179216
0.0571373
0.00537255
0.0116471
0.0210588
0.0241961
0.054
0.0163529
0.028902
0.0179216
0.0304706
0.0367451
-0.00560784
0.00537255
0.00694118
0.0116471
0.0336078
0.0336078
0.0179216
-0.00247059
0.0273333
0.0304706
0.0257647
-0.0165882
0.0226275
0.0602745
0.0163529
-0.0479608
-0.0103137
0.0226275
0.0383137
0.00223529
-0.0354118
0.0163529
0.0210588
-0.0150196
-0.00247059
0.0194902
0.000666667
-0.00247059
-0.0338431
0.000666667
-0.0338431
-0.0542353
-0.0087451
0.0194902
-0.00717647
-0.026
-0.0463922
0.0226275
-0.0542353
-0.0369804
-0.051098
-0.0103137
-0.0181569
-0.0212941
-0.0181569
-0.0118824
0.0085098
-0.0448235
-0.0197255
-0.000901961
-0.026
-0.0322745
-0.026
-0.0275686
-0.038549
0.0241961
-0.0197255
0.000666667
0.0116471
-0.0338431
-0.00247059
-0.0228627
-0.0087451
-0.0150196
-0.00403922
0.0116471
-0.0197255
0.00380392
-0.00560784
0.00694118
0.0194902
-0.00717647
0.0132157
0.0492941
0.0336078
-0.00717647
-0.0087451
0.00537255
0.0085098
-0.000901961
-0.0103137
-0.0212941
0.0147843
-0.0212941
0.0116471
0.0100784
0.000666667
-0.0542353
-0.0181569
-0.0197255
0.00694118
-0.000901961
0.041451
-0.0118824
0.028902
0.0273333
0.0320392
0.0210588
-0.00560784
-0.0118824
0.00694118
0.054
0.028902
-0.0150196
0.0241961
-0.00247059
-0.0416863
0.00694118
0.0241961
0.0555686
0.00380392
0.00223529
0.0304706
0.0116471
-0.000901961
0.0100784
0.0241961
0.0132157
0.0132157
0.00694118
-0.026
0.0194902
0.041451
0.000666667
0.0085098
0.00694118
-0.0181569
0.0100784
0.0351765
0.0132157
-0.00247059
-0.0118824
-0.0636471
0.0085098
-0.0212941
-0.0228627
-0.0103137
-0.0150196
-0.0244314
-0.0244314
-0.00717647
-0.0118824
0.00537255
0.0336078
-0.0275686
-0.00560784
-0.0275686
-0.00247059
0.0210588
0.0618431
0.041451
0.00380392
0.0147843
0.0587059
0.0194902
0.0398824
0.0492941
0.0194902
0.0351765
0.0210588
0.000666667
0.0179216
0.0116471
0.000666667
0.0241961
0.0430196
0.0477255
-0.0275686
-0.000901961
-0.0181569
0.0649804
-0.000901961
0.0210588
0.0649804
0.0163529
-0.00560784
0.00537255
0.0116471
0.0210588
-0.0401176
0.00694118
-0.0244314
0.0320392
-0.0103137
0.028902
0.0524314
0.00223529
-0.0291373
-0.013451
0.0587059
0.00537255
-0.0463922
0.0163529
0.0524314
0.0257647
0.0226275
0.0194902
0.0179216
0.0445882
-0.00403922
-0.0244314
0.0273333
0.0116471
0.0100784
0.0132157
-0.00403922
0.0100784
0.0100784
0.0304706
0.0649804
0.00380392
0.0398824
0.0336078
0.0477255
0.0430196
0.0100784
0.0524314
0.0257647
0.0257647
-0.0181569
0.0524314
0.0445882
0.0712549
-0.0463922
0.0383137
0.0336078
0.0822353
0.0100784
0.000666667
0.0634118
0.00223529
0.0132157
0.0336078
0.0194902
0.0179216
-0.0401176
-0.00717647
0.0383137
0.0116471
-0.0573725
-0.0181569
-0.0212941
-0.038549
-0.0212941
-0.00560784
-0.0212941
-0.0181569
-0.00560784
-0.0118824
-0.00403922
0.0085098
-0.0307059
0.00537255
0.0179216
-0.0103137
-0.0338431
0.00223529
-0.0228627
-0.0150196
-0.0354118
-0.0275686
0.00694118
-0.013451
-0.0558039
-0.0322745
-0.0212941
0.00694118
-0.0589412
0.0257647
-0.0181569
-0.0165882
-0.0526667
-0.0573725
-0.0354118
0.0320392
0.540275
2.02733
4.5638
7.2838
10.0446
12.2548
13.9301
15.1081
15.8297
16.2501
16.4932
16.5497
16.4932
16.3254
16.1199
15.8281
15.5364
15.2477
14.912
14.5528
14.2093
13.8909
13.5599
13.2022
12.8289
12.4618
12.1732
11.8156
11.4752
11.2164
10.945
10.6438
10.3113
10.0477
9.77165
9.47518
9.17871
8.91988
8.68773
8.42106
8.18733
7.9191
7.68067
7.47204
7.26027
7.04067
6.88537
6.63282
6.41165
6.27047
6.11988
5.94733
5.82341
5.67596
5.55988
5.36067
5.10655
4.87125
4.6689
4.46341
4.30341
4.14341
4.01165
3.86106
3.74184
3.67439
3.51439
3.42812
3.33871
3.26184
3.19439
3.08773
2.97949
2.89322
2.81949
2.75361
2.70812
2.65792
2.53086
2.51675
2.39439
2.35988
2.27204
2.21086
2.13557
2.13086
2.01792
1.9489
1.90498
1.89714
1.84694
1.7842
1.72616
1.68694
1.62576
1.60224
1.54106
1.50341
1.45478
1.44224
1.42812
1.35282
1.29478
1.27753
1.22733
1.23988
1.22263
1.1489
1.13792
1.10498
1.09557
1.04537
0.999882
0.962235
0.965373
0.957529
0.946549
0.940275
0.850863
0.871255
0.81949
0.828902
0.814784
0.783412
0.755176
0.737922
0.731647
0.709686
0.678314
0.654784
0.662627
0.640667
0.598314
0.631255
0.584196
0.598314
0.598314
0.581059
0.540275
0.554392
0.532431
0.515176
0.527725
0.526157
0.502627
0.490078
0.490078
0.461843
0.450863
0.472824
0.46498
0.441451
0.449294
0.416353
0.449294
0.421059
0.392824
0.414784
0.414784
0.375569
0.352039
0.364588
0.366157
0.366157
0.33949
0.336353
0.314392
0.320667
0.278314
0.306549
0.320667
0.287725
0.347333
0.290863
0.289294
0.275176
0.264196
0.292431
0.257922
0.242235
0.254784
0.231255
0.257922
0.256353
0.273608
0.228118
0.254784
0.235961
0.221843
0.223412
0.232824
0.217137
0.223412
0.204588
0.212431
0.199882
0.204588
0.210863
0.199882
0.214
0.192039
0.196745
0.188902
0.159098
0.152824
0.17949
0.149686
0.119882
0.157529
0.146549
0.173216
0.174784
0.143412
0.173216
0.162235
0.196745
0.132431
0.163804
0.166941
0.160667
0.141843
0.148118
0.129294
0.113608
0.105765
0.162235
0.148118
0.116745
0.130863
0.143412
0.101059
0.157529
0.127725
0.187333
0.148118
0.163804
0.118314
0.173216
0.163804
0.151255
0.124588
0.166941
0.148118
0.146549
0.130863
0.157529
0.134
0.140275
0.134
0.174784
0.149686
0.157529
0.140275
0.146549
0.143412
0.140275
0.163804
0.140275
0.118314
0.0979216
0.152824
0.124588
0.148118
0.127725
0.102627
0.124588
0.155961
0.135569
0.116745
0.110471
0.140275
0.155961
0.101059
0.107333
0.116745
0.149686
0.107333
0.134
0.17949
0.143412
0.0759608
0.134
0.115176
0.134
0.113608
0.135569
0.0869412
0.0838039
0.0885098
0.119882
0.146549
0.12302
0.0979216
0.127725
0.135569
0.12302
0.140275
0.116745
0.108902
0.110471
0.132431
0.126157
0.151255
0.121451
0.0900784
0.141843
0.129294
0.101059
0.121451
0.127725
0.141843
0.134
0.110471
0.134
0.112039
0.124588
0.0947843
0.116745
0.110471
0.115176
0.0900784
0.107333
0.126157
0.135569
0.0759608
0.113608
0.104196
0.107333
0.0822353
0.0869412
0.119882
0.107333
0.0932157
0.137137
0.102627
0.0994902
0.0822353
0.134
0.110471
0.152824
0.0869412
0.0822353
0.182627
0.127725
0.121451
0.115176
0.119882
0.129294
0.101059
0.12302
0.0759608
0.0508627
0.101059
0.124588
0.0916471
0.0634118
0.0728235
0.0885098
0.118314
0.140275
0.115176
0.0838039
0.141843
0.105765
0.113608
0.124588
0.121451
0.0712549
0.0885098
0.121451
0.101059
0.12302
0.0979216
0.0743922
0.0869412
0.0524314
0.0618431
0.119882
0.134
0.116745
0.0994902
0.126157
0.112039
0.0963529
0.0947843
0.104196
0.129294
0.134
0.129294
0.112039
0.115176
0.0963529
0.143412
0.124588
0.155961
0.124588
0.0900784
0.118314
0.108902
0.0728235
0.113608
0.105765
0.107333
0.0994902
0.0759608
0.0728235
0.138706
0.12302
0.102627
0.104196
0.105765
0.130863
0.0932157
0.101059
0.119882
0.151255
0.119882
0.119882
0.129294
0.0994902
0.0759608
0.115176
0.134
0.0947843
0.0869412
0.12302
0.115176
0.110471
0.107333
0.132431
0.154392
0.104196
0.108902
0.0900784
0.119882
0.132431
0.0728235
0.0947843
0.118314
0.0806667
0.079098
0.124588
0.129294
0.108902
0.0696863
0.126157
0.141843
0.130863
0.0649804
0.127725
0.124588
0.113608
0.115176
0.0947843
0.159098
0.121451
0.101059
0.0994902
0.121451
0.116745
0.0963529
0.107333
0.124588
0.127725
0.121451
0.104196
0.107333
0.0728235
0.121451
0.124588
0.149686
0.0963529
0.0853725
0.112039
0.143412
0.107333
0.0885098
0.0979216
0.0916471
0.130863
0.079098
0.0822353
0.110471
0.0728235
0.119882
0.0963529
0.108902
0.113608
0.112039
0.108902
0.129294
0.110471
0.0994902
0.0947843
0.0822353
0.0822353
0.101059
0.112039
0.0994902
0.134
0.108902
0.118314
0.138706
0.0869412
0.0979216
0.124588
0.126157
0.0602745
0.116745
0.118314
0.0838039
0.126157
0.130863
0.121451
0.130863
0.0712549
0.12302
0.0759608
0.108902
0.127725
0.054
0.0916471
0.143412
0.0979216
0.0979216
0.116745
0.118314
0.119882
0.130863
0.105765
0.121451
0.104196
0.0885098
0.0947843
0.141843
0.118314
0.132431
0.141843
0.105765
0.121451
0.0963529
0.102627
0.0932157
0.0838039
0.0336078
0.0398824
0.0869412
0.116745
0.0775294
0.112039
0.132431
0.054
0.0681176
0.110471
0.0759608
0.054
0.0994902
0.0759608
0.028902
0.0728235
0.0210588
0.0445882
0.0477255
0.0775294
0.0885098
0.0728235
0.066549
0.0320392
0.0869412
0.0916471
0.0147843
0.0712549
0.0257647
0.054
0.0524314
0.0524314
0.0273333
0.054
0.0273333
0.041451
0.0492941
0.0822353
0.0320392
0.0775294
0.041451
0.0524314
0.0743922
0.0806667
0.0743922
0.0963529
0.0759608
0.0477255
0.0508627
0.0445882
0.0838039
0.0759608
0.0728235
0.0994902
0.0822353
0.0571373
0.0492941
0.079098
0.115176
0.0681176
0.0775294
0.0508627
0.0743922
0.0587059
0.0743922
0.0681176
0.0477255
0.0492941
0.0320392
0.0571373
0.0743922
0.0555686
0.0555686
0.0163529
0.0304706
0.054
0.0257647
0.066549
0.0728235
0.0649804
0.0430196
0.0257647
0.0649804
0.0257647
0.0194902
0.0696863
0.0304706
0.0587059
0.0351765
0.0304706
0.0398824
0.0398824
0.0147843
0.0555686
0.0492941
0.0508627
0.0320392
0.0257647
0.0885098
0.0602745
0.0492941
0.0759608
0.0759608
0.0571373
0.0602745
0.0602745
0.0367451
0.0179216
0.0383137
0.0712549
0.0602745
0.0477255
0.028902
0.0508627
0.0398824
0.0696863
-0.00247059
0.0273333
0.0492941
0.0461569
0.0241961
0.0273333
0.0508627
0.0194902
0.0194902
0.0461569
-0.0103137
0.0132157
0.0304706
0.0587059
0.0132157
0.0571373
-0.00403922
0.0257647
-0.00403922
-0.00403922
0.0226275
0.0304706
0.0226275
0.0132157
0.000666667
-0.0165882
0.0210588
0.0320392
-0.0181569
0.0398824
0.0461569
0.0132157
0.00223529
0.0163529
0.0634118
0.0194902
-0.0165882
0.0132157
0.0634118
0.0210588
0.0304706
0.0508627
0.0085098
0.0179216
0.0273333
0.0210588
0.0273333
0.0163529
0.0351765
0.0696863
0.0508627
0.0226275
0.0430196
-0.000901961
0.0304706
0.00223529
-0.00247059
0.0587059
0.0132157
0.0273333
0.0430196
0.0100784
-0.00560784
0.0304706
-0.00247059
0.0210588
0.0210588
-0.0103137
0.0179216
0.0163529
0.0445882
0.041451
-0.0197255
0.0163529
0.00380392
0.0241961
-0.0291373
0.0304706
0.0336078
0.0210588
0.0194902
0.0320392
0.0351765
0.0336078
-0.0150196
0.0179216
0.00694118
0.0241961
0.0383137
0.0179216
0.0367451
0.0257647
0.0555686
0.0226275
0.066549
0.0147843
0.0320392
0.0900784
0.0508627
0.0492941
0.0508627
0.0728235
0.0524314
0.0524314
0.0477255
0.0351765
0.0869412
0.0461569
0.0775294
0.066549
0.0571373
0.0492941
0.054
0.0618431
0.0587059
0.0696863
0.0696863
0.0210588
0.0445882
0.0273333
0.0383137
0.0555686
0.0257647
0.0555686
0.0273333
0.0430196
0.0712549
0.0194902
0.0508627
0.0602745
0.0430196
0.0524314
0.0241961
0.0351765
0.0822353
0.041451
0.0257647
0.0383137
0.0163529
0.0524314
0.0618431
0.0712549
0.0241961
0.0492941
0.0320392
0.0336078
0.0602745
-0.00717647
0.00694118
0.0273333
0.0445882
0.0210588
0.0085098
0.0445882
0.0681176
0.0461569
0.00694118
0.0273333
0.028902
0.028902
0.0100784
-0.00403922
0.0477255
0.028902
0.066549
0.00380392
0.0383137
0.0430196
0.0351765
0.0336078
0.0696863
0.0257647
0.066549
0.00694118
0.0304706
0.0163529
-0.0228627
0.0179216
0.0618431
0.0508627
0.0649804
0.0210588
0.0147843
0.0383137
0.0492941
0.0116471
0.0885098
0.0351765
0.0336078
0.0571373
0.079098
0.0806667
0.0555686
0.0963529
0.0759608
0.0822353
0.0492941
0.0430196
0.0524314
0.0571373
0.0602745
0.0273333
0.0979216
0.0383137
0.066549
0.0634118
0.0508627
0.0602745
0.0085098
0.0555686
0.0994902
0.0430196
0.0241961
0.0838039
0.0524314
0.0477255
0.0492941
0.0979216
0.0649804
0.054
0.0351765
0.0430196
0.0775294
0.0445882
0.0508627
0.0430196
0.0728235
0.0147843
0.0304706
0.041451
0.0461569
0.0336078
-0.00403922
0.0383137
0.0853725
0.0241961
0.0383137
0.0351765
0.0351765
0.0241961
0.0241961
0.0492941
0.0477255
-0.0181569
0.0116471
0.00537255
0.0618431
0.0445882
0.0132157
0.0461569
0.0241961
0.000666667
0.00380392
0.0383137
0.00223529
-0.0165882
0.0430196
0.0681176
0.0477255
0.0336078
0.00537255
0.0492941
0.0461569
-0.0103137
0.0383137
-0.0087451
0.0398824
-0.0150196
0.0132157
0.0492941
0.0398824
-0.0197255
-0.013451
-0.013451
0.0194902
-0.00560784
-0.0150196
-0.013451
0.054
-0.00247059
0.0273333
-0.0118824
-0.0228627
-0.0103137
-0.0212941
-0.0354118
0.0273333
0.0257647
0.0132157
-0.0369804
-0.0338431
-0.00560784
-0.0338431
-0.013451
-0.0087451
-0.00560784
-0.0307059
-0.0354118
0.0383137
-0.00717647
-0.000901961
-0.0165882
-0.026
0.0241961
-0.0338431
0.0100784
0.0100784
-0.0228627
-0.0212941
0.00223529
0.0367451
-0.0291373
0.0179216
-0.00403922
-0.0212941
0.0132157
-0.0197255
-0.0118824
-0.0197255
0.0100784
-0.0307059
-0.00717647
-0.0228627
-0.0354118
-0.0165882
-0.0150196
-0.0432549
-0.0165882
-0.0463922
-0.0087451
0.00537255
-0.0228627
-0.00560784
-0.0181569
-0.00403922
-0.0558039
-0.051098
-0.0212941
0.0210588
-0.0526667
-0.0495294
-0.0275686
-0.0479608
-0.0463922
-0.0212941
-0.0338431
-0.0103137
-0.0479608
-0.0495294
-0.026
-0.0197255
-0.0652157
-0.0526667
-0.0824706
-0.0165882
-0.0746275
-0.051098
-0.0244314
0.0100784
-0.0605098
-0.0526667
-0.0605098
0.0085098
-0.0291373
-0.0620784
-0.0793333
-0.0275686
0.000666667
-0.0699216
-0.013451
-0.0212941
-0.0495294
-0.0526667
-0.0463922
-0.0401176
-0.0683529
-0.038549
-0.0416863
-0.00717647
0.000666667
-0.0275686
-0.0573725
-0.0165882
-0.00560784
-0.0150196
-0.0291373
-0.0605098
-0.0730588
-0.0354118
-0.0165882
-0.00247059
0.00537255
-0.0244314
-0.0338431
0.0132157
-0.0150196
-0.038549
-0.0369804
-0.0228627
0.0116471
-0.0118824
-0.0495294
0.0304706
-0.000901961
-0.0212941
0.0085098
0.00694118
-0.0244314
-0.0589412
-0.0275686
-0.0401176
-0.0118824
-0.0338431
-0.013451
-0.00247059
0.00223529
-0.0683529
-0.0087451
-0.00717647
-0.0401176
-0.00560784
-0.0275686
-0.00247059
-0.013451
-0.0416863
-0.0275686
-0.0181569
-0.013451
-0.0777647
-0.0401176
-0.0181569
-0.0275686
-0.0463922
-0.0589412
0.0241961
-0.0526667
-0.0212941
-0.0228627
-0.0369804
-0.0495294
-0.0181569
-0.0322745
-0.0322745
-0.0573725
-0.0620784
-0.0212941
-0.0103137
-0.0401176
-0.0699216
-0.0558039
-0.0495294
-0.0777647
-0.0322745
-0.051098
-0.0118824
0.0132157
-0.0307059
-0.0558039
-0.051098
-0.0322745
-0.0699216
-0.0401176
-0.0620784
-0.0401176
-0.0856078
-0.0495294
-0.0620784
-0.0605098
-0.0605098
-0.0322745
-0.0620784
-0.0620784
-0.0495294
-0.0573725
-0.0432549
-0.0761961
-0.0761961
-0.0542353
-0.0824706
-0.104431
-0.0589412
-0.0997255
-0.0448235
-0.0479608
-0.0589412
-0.0432549
-0.0542353
-0.0416863
-0.0840392
-0.0605098
-0.0683529
-0.0401176
-0.0699216
-0.0558039
-0.0871765
-0.0997255
-0.0652157
-0.0495294
-0.0416863
-0.0542353
-0.0636471
-0.0636471
-0.0730588
-0.0495294
-0.0730588
-0.0573725
-0.0228627
-0.0652157
-0.0448235
-0.0620784
-0.0856078
-0.0558039
-0.0793333
-0.0573725
-0.0699216
-0.051098
-0.0338431
-0.0181569
-0.051098
-0.0761961
-0.0558039
-0.0338431
-0.0416863
-0.0369804
-0.0761961
-0.051098
-0.0777647
-0.0793333
-0.0746275
-0.0401176
-0.0840392
-0.0856078
-0.0542353
-0.0401176
-0.0322745
-0.0479608
-0.101294
-0.0714902
-0.0118824
-0.0291373
-0.0338431
-0.0448235
-0.0307059
-0.0495294
-0.051098
-0.0307059
-0.0338431
-0.0495294
-0.0589412
-0.0448235
-0.0463922
-0.0777647
-0.0542353
-0.0495294
-0.0181569
-0.0495294
-0.0150196
-0.0495294
-0.0589412
-0.0479608
-0.0542353
-0.0338431
-0.0103137
-0.0197255
-0.051098
-0.0228627
-0.0291373
-0.0369804
-0.0087451
-0.026
-0.0401176
-0.0699216
-0.0448235
-0.0448235
0.000666667
-0.0338431
-0.0181569
-0.0573725
-0.0354118
-0.00717647
-0.0338431
0.00223529
0.00380392
-0.0181569
-0.0495294
-0.0307059
-0.0369804
-0.00403922
-0.026
-0.00560784
-0.0118824
-0.0338431
-0.0401176
-0.00717647
-0.0087451
-0.0620784
-0.0338431
-0.0322745
-0.0291373
-0.0479608
-0.0463922
-0.0322745
-0.0212941
-0.0181569
-0.0275686
-0.0087451
-0.0448235
0.00380392
-0.0165882
-0.0197255
-0.0244314
-0.0150196
-0.0903137
-0.00403922
-0.0322745
-0.0244314
-0.0432549
0.0257647
-0.000901961
-0.0275686
-0.0401176
0.00380392
-0.0714902
-0.051098
-0.0416863
-0.0526667
-0.0573725
-0.0354118
-0.0652157
-0.0432549
-0.0432549
-0.0542353
-0.0761961
-0.0432549
-0.0165882
-0.0291373
-0.0542353
0.00380392
-0.0589412
-0.0746275
-0.0495294
-0.0244314
-0.00247059
0.0116471
-0.0354118
-0.013451
-0.000901961
-0.0103137
0.000666667
-0.0542353
-0.00717647
0.0383137
-0.0244314
-0.013451
-0.013451
-0.0150196
-0.0652157
-0.0793333
-0.0291373
-0.0291373
-0.013451
-0.0463922
-0.026
-0.0165882
-0.0526667
-0.0212941
-0.0165882
-0.0416863
-0.0338431
-0.0150196
-0.0322745
-0.0118824
-0.0338431
-0.0526667
-0.038549
-0.0150196
-0.0448235
-0.0463922
-0.00560784
-0.0416863
-0.00247059
-0.026
-0.0150196
-0.038549
-0.0479608
-0.0432549
-0.0212941
-0.0479608
-0.0589412
-0.0338431
-0.0087451
-0.0401176
-0.0605098
-0.0526667
-0.0307059
-0.0714902
-0.0416863
-0.0448235
-0.0526667
-0.0416863
-0.0087451
-0.0432549
-0.0228627
-0.013451
-0.0463922
-0.00403922
-0.0589412
-0.0495294
-0.0542353
-0.0322745
0.00694118
-0.026
-0.0448235
-0.0338431
-0.0369804
-0.026
-0.0212941
-0.0636471
0.000666667
-0.026
-0.0165882
-0.0746275
-0.0307059
-0.0087451
-0.0824706
-0.0463922
-0.051098
-0.0244314
-0.0495294
-0.0307059
-0.038549
-0.051098
-0.0605098
-0.0573725
0.0163529
-0.0542353
-0.0181569
-0.0416863
-0.000901961
0.0367451
-0.013451
-0.0244314
0.00694118
-0.0589412
-0.0495294
0.0100784
0.00380392
-0.0416863
-0.00403922
-0.0448235
0.000666667
-0.0495294
-0.0087451
0.0210588
-0.0165882
-0.0244314
-0.0479608
-0.0307059
0.0147843
-0.0165882
-0.0558039
-0.0416863
-0.0448235
-0.0354118
-0.0307059
-0.000901961
-0.00247059
-0.026
-0.0479608
0.0383137
0.00223529
-0.0197255
-0.0479608
0.0398824
-0.0416863
-0.013451
-0.026
0.00537255
-0.0087451
-0.0589412
-0.0291373
-0.00560784
0.000666667
-0.0432549
-0.0307059
-0.0118824
-0.0354118
-0.0761961
-0.0558039
-0.0448235
-0.0087451
-0.11698
-0.0918824
-0.0636471
-0.0118824
-0.0573725
-0.0871765
-0.0338431
-0.0322745
-0.0416863
-0.0558039
-0.0605098
-0.0683529
-0.0605098
-0.0542353
-0.038549
-0.0542353
-0.0558039
-0.0558039
-0.0448235
-0.0448235
-0.0495294
-0.0652157
-0.0432549
-0.0197255
-0.0275686
-0.0793333
-0.0856078
-0.0150196
-0.0181569
-0.0887451
-0.0479608
-0.0228627
-0.0746275
-0.0479608
-0.0150196
-0.0150196
-0.0369804
-0.0605098
-0.0181569
-0.0165882
-0.038549
-0.0636471
-0.0448235
-0.0369804
-0.0730588
-0.0369804
-0.0746275
-0.0463922
-0.0401176
-0.104431
-0.0918824
-0.0322745
-0.0401176
-0.0714902
-0.093451
-0.0495294
-0.0416863
-0.051098
-0.0338431
-0.051098
-0.0526667
-0.0856078
-0.0761961
-0.013451
-0.0495294
0.00537255
-0.0291373
-0.00560784
-0.0212941
-0.0448235
-0.0558039
-0.0699216
-0.0605098
-0.0730588
-0.0573725
-0.0354118
-0.0244314
-0.0824706
-0.0777647
-0.0526667
-0.0667843
-0.0228627
-0.0291373
0.00537255
-0.0667843
-0.0793333
-0.0746275
-0.026
-0.0620784
-0.0683529
-0.0542353
0.0445882
-0.0244314
-0.0401176
-0.0573725
-0.038549
-0.0118824
-0.0777647
-0.0165882
-0.0103137
-0.0777647
-0.0307059
-0.0275686
-0.0087451
0.000666667
-0.0652157
-0.0338431
-0.0244314
-0.0495294
-0.0448235
-0.0432549
-0.0212941
-0.0463922
-0.0542353
-0.026
-0.0103137
-0.0228627
-0.0291373
-0.00717647
-0.0212941
-0.0448235
-0.0228627
-0.0307059
-0.0150196
-0.0244314
-0.0714902
-0.0605098
-0.051098
-0.0228627
-0.013451
-0.0275686
-0.0479608
-0.0416863
-0.0432549
-0.0479608
-0.0087451
-0.0589412
-0.0416863
-0.0322745
-0.0212941
-0.0103137
0.00223529
0.00223529
-0.0338431
-0.00247059
-0.0150196
-0.00403922
-0.00560784
-0.026
-0.013451
-0.0103137
-0.038549
-0.038549
-0.0542353
-0.0275686
0.0179216
-0.026
-0.0181569
0.00223529
0.0241961
0.0336078
0.000666667
-0.0103137
-0.000901961
0.00223529
0.0100784
0.00380392
-0.00247059
0.0147843
-0.0275686
-0.026
-0.038549
0.00537255
-0.0589412
-0.0197255
0.0100784
-0.0197255
0.00537255
0.0163529
0.0257647
-0.000901961
-0.0228627
0.0226275
-0.013451
-0.00560784
-0.0369804
-0.0118824
-0.00403922
0.00223529
-0.0338431
0.00223529
-0.0150196
-0.038549
-0.0181569
0.0116471
0.0163529
-0.00560784
-0.0542353
-0.00247059
-0.000901961
0.0085098
-0.0150196
0.0194902
-0.013451
-0.0118824
-0.0401176
-0.00717647
0.00223529
-0.0369804
-0.0197255
-0.0605098
0.0273333
-0.0244314
-0.0228627
-0.0479608
-0.0118824
-0.0338431
-0.0401176
-0.038549
-0.0087451
-0.0275686
-0.0683529
-0.0432549
-0.0197255
-0.0526667
-0.0103137
-0.0197255
-0.0244314
-0.0212941
-0.0558039
-0.0103137
-0.0118824
0.0100784
-0.0291373
-0.0181569
0.0132157
-0.0165882
-0.0338431
-0.038549
0.028902
-0.0244314
-0.0275686
0.0226275
-0.00560784
0.0492941
-0.0416863
0.0304706
0.0132157
0.00380392
-0.0369804
-0.0542353
-0.0307059
-0.0275686
-0.026
-0.026
-0.0212941
-0.0322745
-0.0369804
-0.0683529
-0.0212941
-0.0197255
-0.0244314
-0.0275686
-0.0228627
-0.0307059
-0.0275686
-0.0354118
-0.0165882
-0.00247059
-0.0087451
-0.0448235
0.0226275
-0.0087451
-0.0354118
-0.00403922
-0.0338431
0.00537255
-0.0448235
-0.00560784
-0.0103137
-0.0103137
-0.0369804
-0.00717647
0.00537255
-0.0275686
-0.0291373
-0.00560784
0.0163529
-0.00247059
-0.0526667
-0.000901961
0.00694118
-0.0369804
-0.0369804
0.00694118
-0.00403922
-0.0432549
0.0132157
-0.0479608
-0.0212941
-0.0777647
-0.0369804
-0.0244314
0.000666667
0.0226275
-0.0118824
-0.00717647
-0.0087451
-0.0416863
-0.0228627
-0.0118824
0.0116471
-0.026
-0.0746275
-0.00247059
0.0320392
0.0194902
-0.0322745
-0.0416863
0.0304706
-0.0228627
-0.0087451
-0.0087451
-0.000901961
-0.0307059
-0.0118824
0.00537255
0.0430196
-0.0244314
0.00694118
0.0320392
0.0147843
0.0210588
0.00537255
-0.0150196
0.0477255
0.0163529
0.00223529
-0.0150196
-0.0181569
0.0163529
-0.0369804
0.0226275
0.0320392
0.0226275
0.0383137
0.0257647
0.0681176
0.0398824
0.0194902
0.0571373
0.0775294
0.054
-0.0103137
0.0210588
0.0524314
-0.00247059
0.0241961
0.0273333
0.041451
0.0194902
0.0241961
0.0367451
0.0602745
0.0336078
-0.0118824
0.00380392
0.0179216
0.041451
0.028902
0.0383137
0.0336078
0.0179216
-0.0118824
0.00223529
0.0367451
0.0461569
0.00694118
0.0100784
0.0900784
0.0351765
0.0492941
0.0163529
0.0430196
0.00537255
0.0132157
0.028902
0.00223529
0.054
0.0116471
0.00223529
0.0508627
-0.00560784
0.0132157
0.00380392
0.000666667
0.0194902
-0.000901961
-0.013451
-0.00247059
0.0430196
-0.0087451
-0.0181569
0.0445882
0.0461569
-0.000901961
0.028902
0.0351765
0.0681176
0.0147843
0.00537255
0.0367451
0.0445882
0.0241961
0.0571373
0.041451
0.0210588
-0.0118824
0.0226275
0.0100784
0.0085098
0.0273333
0.0100784
0.0226275
0.0210588
-0.0212941
0.0147843
0.0147843
0.0147843
0.0163529
0.0430196
0.0775294
0.00537255
-0.000901961
0.0383137
0.0210588
0.028902
-0.000901961
0.00694118
0.0587059
0.054
0.054
0.0383137
0.0822353
0.0430196
0.0100784
0.0210588
0.028902
0.0634118
0.0226275
0.0383137
0.0634118
0.0587059
0.0367451
0.041451
0.0994902
0.0602745
0.0461569
0.0853725
0.0822353
0.0728235
0.0461569
0.0116471
0.0555686
0.0273333
0.0430196
0.0304706
0.0649804
0.0492941
0.00223529
0.0351765
0.041451
0.0147843
0.0351765
0.0367451
0.0587059
0.0304706
0.00380392
-0.0087451
0.0147843
-0.0150196
-0.0150196
0.0241961
-0.013451
0.0445882
0.00694118
0.0508627
0.0210588
0.0367451
0.0383137
0.0257647
0.0226275
0.0241961
0.0132157
-0.000901961
0.0336078
0.0445882
0.000666667
0.0461569
0.0461569
-0.00247059
0.0241961
0.0445882
0.0649804
0.0163529
0.0367451
0.0445882
0.0947843
0.0712549
-0.0228627
0.00380392
0.0351765
0.00537255
-0.000901961
0.0508627
0.0147843
0.0304706
-0.0307059
0.0304706
0.0477255
0.0226275
-0.0526667
0.0304706
0.0587059
0.0100784
-0.0307059
-0.0087451
0.0461569
-0.0118824
0.0241961
0.041451
0.0351765
0.0398824
-0.00247059
0.079098
0.00694118
0.0445882
0.0116471
0.0304706
0.0492941
0.0351765
-0.0212941
0.0320392
0.0116471
0.0226275
0.0492941
0.0132157
0.0383137
0.0179216
0.00223529
0.0116471
0.0555686
0.0461569
0.0477255
0.0320392
0.0304706
0.00223529
-0.0275686
0.0085098
0.0524314
0.0587059
0.028902
0.0477255
0.0508627
0.028902
0.0179216
0.0210588
0.054
0.028902
-0.0212941
0.0273333
0.0163529
0.0100784
0.0100784
0.0226275
0.028902
0.0712549
0.0524314
0.00694118
0.0226275
0.0241961
0.0226275
0.00380392
0.000666667
0.0210588
-0.0118824
-0.00403922
0.0194902
0.00380392
-0.0150196
0.0085098
0.0587059
0.0116471
-0.0338431
0.0147843
0.028902
-0.051098
-0.000901961
0.00694118
0.0210588
0.0383137
0.0116471
0.0336078
0.0383137
0.0508627
-0.026
-0.00717647
0.0304706
0.00694118
-0.000901961
0.0492941
0.0430196
0.0430196
0.000666667
0.00694118
0.00380392
0.0257647
0.0132157
0.0241961
0.0681176
0.0555686
-0.0103137
0.0132157
0.000666667
0.0241961
-0.000901961
-0.0150196
0.0147843
0.0320392
0.00223529
0.0304706
0.0336078
0.0367451
0.0367451
0.041451
0.0492941
0.066549
0.0163529
0.041451
0.041451
0.0571373
0.0524314
0.0712549
0.0163529
0.0320392
-0.0165882
0.0555686
0.0132157
0.0430196
0.0210588
0.0555686
0.0336078
0.0853725
0.0445882
0.0555686
0.0634118
0.0853725
0.0445882
0.0571373
0.0979216
0.0712549
0.041451
0.0430196
0.0508627
0.0320392
0.0524314
-0.0197255
0.0398824
0.0226275
-0.00560784
0.0116471
0.0273333
0.0226275
0.0398824
0.0273333
0.0822353
0.0336078
0.0194902
0.00380392
0.0226275
0.0304706
-0.00247059
-0.0087451
0.028902
0.0132157
-0.0338431
0.0336078
0.0696863
0.0210588
0.0461569
0.0430196
0.0634118
0.0226275
-0.0275686
-0.0103137
0.0132157
0.0587059
0.0273333
0.00537255
0.0241961
0.00380392
0.0304706
-0.0212941
0.00223529
0.0304706
0.0226275
0.0132157
0.0461569
0.0618431
0.000666667
0.00380392
0.0367451
0.0147843
0.00537255
0.0383137
0.0210588
-0.00247059
0.0210588
-0.0354118
0.0351765
0.00537255
0.0163529
0.00223529
0.0430196
0.0351765
-0.00247059
0.0461569
0.0602745
0.0163529
0.0163529
0.0602745
0.0759608
0.0492941
0.0273333
0.0508627
0.0461569
0.000666667
0.0273333
0.0226275
0.0351765
0.028902
-0.00403922
-0.0197255
0.0649804
-0.0118824
0.0085098
0.0132157
0.0085098
-0.0103137
0.00537255
-0.0181569
0.0367451
0.0116471
-0.0181569
0.0100784
0.0163529
0.00223529
0.0304706
-0.013451
0.0179216
0.00223529
0.00694118
0.0179216
0.0398824
0.0226275
0.0398824
0.041451
0.0085098
-0.0228627
-0.00717647
0.0257647
0.0743922
-0.013451
0.041451
0.0116471
0.0163529
0.0163529
-0.000901961
-0.0150196
-0.00717647
0.00694118
0.0241961
0.066549
0.0602745
-0.0103137
-0.0087451
-0.00403922
0.0147843
0.0445882
0.0257647
0.00223529
0.0477255
0.0257647
-0.013451
0.0241961
0.0461569
0.0194902
0.0383137
0.0241961
0.0398824
0.000666667
0.0257647
0.0304706
0.0194902
0.028902
-0.00560784
0.0728235
0.066549
0.0085098
0.0132157
0.0492941
0.0179216
0.0571373
0.0241961
-0.00247059
0.00380392
0.0226275
0.0367451
0.0210588
0.0226275
0.0273333
-0.0150196
0.0179216
-0.00717647
0.00380392
-0.0369804
-0.013451
0.0445882
0.0085098
0.0132157
0.0524314
0.0555686
0.0461569
0.0147843
0.0273333
-0.0087451
-0.0244314
-0.0291373
0.0163529
0.0241961
0.0085098
-0.00560784
0.0210588
0.0304706
0.00223529
0.0194902
0.00537255
0.00223529
-0.00717647
-0.00560784
-0.0307059
0.0304706
-0.0212941
-0.026
0.0226275
0.0445882
0.0147843
0.0179216
0.0179216
-0.00247059
-0.000901961
0.028902
-0.0150196
0.0430196
0.0085098
-0.0197255
0.0241961
0.0132157
0.0163529
0.0179216
0.0257647
0.000666667
-0.0369804
0.0085098
0.0210588
0.0100784
0.0085098
-0.00247059
0.0116471
0.00380392
-0.0150196
-0.000901961
0.0241961
-0.0495294
-0.0291373
-0.0322745
-0.0150196
-0.0228627
-0.0150196
-0.000901961
-0.0338431
-0.0103137
-0.0087451
-0.0228627
-0.0322745
-0.0322745
-0.00560784
-0.0275686
-0.0118824
-0.0307059
-0.00403922
-0.0620784
-0.00717647
-0.00560784
0.00694118
-0.000901961
-0.0150196
0.0132157
0.00223529
-0.0307059
0.0147843
0.0304706
-0.00717647
-0.0103137
-0.00247059
0.0116471
-0.0307059
0.0210588
0.0194902
0.0241961
-0.0087451
0.00694118
-0.00717647
0.0194902
0.0336078
0.0273333
0.0492941
0.0461569
-0.000901961
0.0085098
0.0132157
-0.00247059
0.0132157
0.0116471
-0.0103137
-0.0197255
-0.013451
0.0226275
0.0116471
-0.00403922
0.000666667
-0.0354118
-0.013451
0.00380392
-0.00403922
-0.0463922
-0.00247059
-0.038549
0.00380392
-0.026
-0.0338431
-0.013451
-0.026
-0.0620784
-0.0338431
-0.00247059
0.0320392
-0.0197255
-0.0275686
-0.0150196
0.028902
-0.0448235
-0.038549
-0.0197255
0.0320392
0.00223529
0.00223529
-0.026
0.0085098
-0.000901961
0.00380392
-0.0307059
-0.0401176
-0.0087451
-0.0165882
-0.0197255
0.00223529
-0.0573725
-0.000901961
0.0116471
-0.0165882
-0.013451
-0.0479608
-0.000901961
0.0147843
0.00694118
-0.0244314
0.0430196
-0.0322745
-0.0479608
0.0179216
0.00223529
-0.000901961
-0.0087451
-0.0322745
-0.0228627
-0.013451
-0.026
-0.0589412
-0.0165882
-0.013451
-0.0244314
0.0116471
-0.0432549
-0.0448235
-0.0181569
-0.026
-0.0840392
0.0273333
-0.0495294
-0.093451
-0.0338431
0.000666667
-0.0714902
-0.0181569
-0.0181569
-0.0228627
-0.0526667
-0.0244314
-0.0118824
-0.0244314
-0.0432549
-0.0369804
-0.0244314
-0.0354118
-0.0495294
-0.0150196
0.0147843
0.0241961
-0.0275686
-0.0087451
-0.0605098
-0.0354118
-0.0589412
-0.00717647
-0.00560784
-0.051098
-0.0495294
0.000666667
0.0273333
-0.0401176
0.000666667
-0.0228627
0.0163529
-0.0401176
-0.0448235
-0.0401176
-0.0103137
-0.0197255
-0.0087451
-0.00403922
0.0257647
-0.00560784
-0.0307059
0.0100784
-0.0165882
-0.0103137
-0.0322745
-0.0118824
0.000666667
-0.0244314
-0.0197255
-0.0369804
-0.0165882
0.0147843
-0.000901961
-0.00403922
-0.0103137
0.0100784
0.0147843
0.0273333
0.054
0.0461569
-0.0118824
0.0336078
0.028902
0.0085098
0.0367451
0.0383137
0.0210588
-0.026
-0.000901961
0.0100784
0.0100784
0.0241961
0.0226275
0.0273333
-0.0103137
-0.00247059
-0.013451
0.00694118
0.0116471
-0.0228627
0.00223529
-0.0087451
-0.0103137
-0.0181569
-0.0699216
-0.00247059
0.0132157
-0.0495294
-0.0103137
-0.00717647
-0.0212941
0.0179216
-0.00560784
0.00223529
-0.0103137
-0.0275686
-0.0479608
-0.0448235
-0.0448235
-0.0322745
-0.0275686
0.0116471
-0.0118824
-0.0354118
-0.0197255
-0.0197255
-0.0150196
-0.0212941
0.00223529
-0.0542353
-0.0228627
-0.0087451
-0.0181569
-0.093451
-0.0244314
-0.0369804
-0.0181569
-0.0652157
-0.0228627
-0.0165882
-0.0714902
-0.0275686
-0.0322745
-0.0448235
-0.0369804
-0.0730588
-0.0542353
-0.0605098
-0.0699216
-0.0714902
-0.0228627
-0.013451
-0.0275686
-0.0291373
0.00223529
-0.0338431
-0.0212941
-0.0526667
-0.0212941
0.0210588
-0.038549
-0.0212941
-0.00403922
-0.0526667
-0.0338431
0.0241961
0.0116471
0.00537255
-0.0228627
-0.0118824
-0.026
0.00537255
-0.0228627
-0.0118824
0.0430196
-0.026
-0.00717647
0.0179216
0.0477255
-0.00560784
-0.0118824
-0.0150196
0.000666667
0.0179216
-0.000901961
-0.0181569
0.028902
0.00694118
-0.013451
0.00537255
-0.0197255
0.0085098
-0.0212941
-0.0291373
-0.0212941
-0.0228627
-0.0275686
-0.0212941
-0.000901961
-0.00403922
-0.0714902
-0.0432549
-0.0244314
-0.0432549
-0.0354118
0.00694118
-0.0181569
0.0273333
-0.0087451
0.00537255
0.00223529
-0.00560784
-0.0369804
-0.0338431
0.0085098
-0.0103137
-0.0118824
0.000666667
0.0367451
-0.00247059
-0.0087451
-0.0636471
-0.000901961
-0.0228627
-0.0212941
-0.0165882
-0.00403922
-0.0463922
-0.0150196
-0.0307059
-0.026
-0.0416863
-0.0542353
-0.0181569
-0.00403922
-0.0244314
-0.0197255
-0.026
-0.051098
-0.0322745
-0.0150196
-0.0369804
-0.00403922
-0.0526667
-0.0181569
-0.00717647
-0.0448235
-0.00560784
-0.0401176
-0.051098
-0.00560784
-0.0275686
0.00380392
0.0100784
0.0273333
0.0194902
-0.0197255
0.00380392
0.0367451
-0.013451
-0.0212941
-0.0275686
-0.026
-0.0181569
-0.0401176
-0.0338431
0.0304706
-0.0291373
-0.0322745
-0.0291373
0.0555686
-0.00560784
-0.0338431
-0.0307059
0.0367451
-0.0197255
-0.0463922
0.00223529
-0.0087451
-0.00247059
-0.0526667
-0.00717647
-0.0181569
0.0085098
-0.0212941
-0.0181569
-0.0432549
-0.0338431
-0.0307059
0.0226275
-0.0181569
-0.0432549
-0.026
-0.0118824
-0.0620784
-0.0165882
-0.0181569
0.0163529
-0.0087451
-0.0150196
-0.0228627
-0.0228627
0.0179216
-0.0197255
-0.0291373
-0.026
-0.0118824
-0.0181569
-0.0793333
0.00694118
-0.0228627
0.00223529
-0.0244314
-0.0291373
0.000666667
-0.0150196
-0.0558039
-0.0573725
-0.0197255
0.000666667
-0.0463922
-0.0652157
-0.0401176
-0.0620784
-0.0667843
-0.0291373
-0.026
-0.0667843
-0.0463922
-0.0369804
-0.0401176
-0.0244314
-0.00247059
-0.0103137
-0.0432549
-0.000901961
-0.0354118
0.00537255
-0.0197255
-0.0197255
-0.0887451
-0.0369804
-0.0244314
-0.0291373
-0.0401176
-0.0401176
-0.00403922
-0.0307059
-0.0683529
-0.0369804
-0.00247059
-0.0150196
-0.0275686
0.00380392
-0.0197255
-0.0150196
-0.0228627
0.000666667
0.0116471
-0.0291373
-0.0307059
-0.0103137
0.00537255
-0.0495294
-0.0197255
-0.0181569
0.00537255
0.0132157
-0.0118824
0.0100784
0.00380392
0.0179216
-0.0087451
0.0179216
0.00537255
0.0430196
0.0163529
0.028902
0.0351765
-0.000901961
0.0194902
0.0085098
0.0241961
0.0116471
0.0085098
0.0100784
0.0477255
0.0524314
0.00380392
-0.000901961
0.0241961
-0.00560784
-0.0228627
-0.0087451
-0.0244314
0.0085098
-0.0087451
-0.0244314
0.00223529
-0.00560784
-0.0636471
-0.0291373
0.0273333
0.0210588
0.0241961
-0.0212941
0.0273333
-0.038549
-0.0228627
0.0116471
0.0367451
-0.026
-0.0526667
-0.0244314
0.0336078
-0.0212941
-0.0165882
-0.0354118
0.0461569
-0.0103137
0.00223529
-0.026
-0.0244314
-0.0275686
-0.0746275
-0.0871765
-0.0322745
-0.0087451
-0.00717647
-0.000901961
0.00537255
-0.0197255
-0.0448235
-0.000901961
0.0132157
-0.0087451
-0.0275686
0.0461569
0.0194902
-0.013451
-0.0197255
0.0194902
0.0367451
0.00380392
-0.0338431
-0.0197255
0.0241961
-0.0103137
-0.0620784
-0.0291373
-0.0463922
-0.0118824
-0.00560784
-0.00560784
-0.0165882
-0.0558039
-0.0275686
-0.0322745
-0.0181569
-0.0338431
-0.0463922
-0.0354118
0.0085098
-0.0338431
-0.0526667
-0.013451
-0.00560784
-0.0103137
-0.0307059
0.0116471
0.0132157
0.0241961
-0.0416863
-0.0212941
-0.00717647
0.0085098
0.0194902
0.0273333
0.0524314
-0.00403922
-0.000901961
-0.0087451
0.0587059
0.041451
-0.0150196
0.0116471
0.0492941
0.000666667
-0.013451
0.00223529
0.0602745
0.00537255
0.00380392
0.00537255
0.00537255
0.0194902
0.028902
0.0179216
0.0116471
0.0194902
0.0194902
0.0226275
0.0351765
0.0320392
0.0085098
0.0179216
0.066549
0.0210588
0.0179216
0.0618431
0.0728235
0.0524314
0.054
0.0555686
0.0210588
0.0445882
0.0383137
0.0241961
0.0743922
0.0116471
0.0194902
0.0445882
0.0822353
0.0398824
0.0273333
0.0979216
0.0822353
0.0430196
0.0571373
0.0963529
0.0900784
0.0587059
0.0759608
0.0571373
0.0775294
0.0383137
0.0085098
0.0618431
0.0508627
0.0257647
0.0477255
0.0367451
0.0257647
0.0430196
0.0492941
0.0257647
0.041451
0.0085098
-0.0165882
-0.0150196
0.0132157
0.00223529
-0.00717647
-0.000901961
0.041451
-0.00403922
0.041451
0.0241961
0.0179216
0.00694118
-0.00403922
-0.00403922
0.00694118
-0.013451
-0.013451
-0.0165882
0.0116471
0.0383137
-0.0181569
-0.00717647
0.00694118
0.0147843
-0.0212941
0.0147843
0.0226275
0.0132157
-0.013451
0.0226275
0.0226275
-0.013451
-0.0369804
-0.0181569
0.0179216
-0.00247059
-0.00247059
0.00223529
0.0116471
0.0132157
-0.0291373
-0.0165882
0.0257647
-0.0165882
-0.0354118
-0.0165882
0.00694118
-0.0212941
-0.0416863
-0.0620784
-0.0228627
-0.0495294
-0.00403922
-0.080902
-0.0212941
-0.0181569
-0.0228627
-0.0338431
0.0100784
-0.0369804
-0.0197255
-0.0228627
0.00694118
-0.0448235
-0.0793333
-0.0479608
-0.0275686
-0.0667843
-0.0354118
-0.0432549
-0.000901961
-0.038549
-0.0699216
-0.0181569
-0.0573725
-0.0212941
-0.0354118
-0.0605098
-0.0103137
-0.0212941
-0.0636471
-0.0495294
-0.0652157
-0.0291373
-0.0338431
-0.0307059
-0.0401176
-0.038549
-0.0432549
-0.00403922
-0.0103137
0.0241961
-0.0714902
0.0100784
-0.0118824
0.00537255
-0.0150196
-0.00403922
0.000666667
-0.0150196
-0.0228627
-0.0087451
0.00380392
-0.00247059
-0.0212941
-0.0526667
-0.0338431
