0
0
0
0
0
0
0
0
0
0
0
0
0
0
0
0
0
0
0
0
0
0
0
0
0
0
0
0
0
0
0
0
0
0
0
0
0
0
0
0
0
0
0
0
0
0
0
0
0
0
0
0
0
0
0
0
0
0
0
0
0
0
0
0
0
0
0
0
0
0
0
0
0
0
0
0
0
0
0
0
0
0
0
0
0
0
0
0
0
0
0
0
0
0
0
0
0
0
0
0
0
0
0
0
0
0
0
0
0
0
0
0
0
0
0
0
0
0
0
0
0
0
0
0
0
0
0
0
0
0
0
0
0
0
0
0
0
0
0
0
0
0
0
0
0
0
0
0
0
0
0
0
0
0
0
0
0
0
0
0
0
0
0
0
0
0
0
0
0
0
0
0
0
0
0
0
0
0
0
0
0
0
0
0
0
0
0
0
0
0
0
0
0
0
0
0
0
0
0
0
0
0
0
0
0
0
0
0
0
0
0
0
0
0
0
0
0
0
0
0.00566275
0.00298039
0.0265882
0.00304314
0.00771765
0.0132392
0.0141804
0.00163137
0.00476863
-0.0632
0.0246431
-0.00672941
-0.0569255
0.0120941
0.0152314
-0.0600627
0.00581961
-0.0412392
-0.0130039
-0.000454902
-0.0255529
-0.0161412
-0.0224157
0.0277804
0.0497412
-0.0161412
-0.0349647
-0.0475137
0.0183686
0.0183686
0.00895686
-0.0914353
0.0152314
-0.0349647
0.0183686
-0.0349647
0.0277804
0.0497412
0.0215059
-0.0130039
-0.00986667
-0.00359216
0.0277804
0.00268235
0.0371922
-0.00986667
-0.0569255
-0.0443765
0.0403294
0.0120941
0.0246431
-0.0349647
0.0246431
0.0120941
0.00581961
-0.00359216
0.00581961
-0.00672941
0.0371922
-0.00672941
-0.0286902
0.0528784
-0.0161412
0.0152314
-0.0192784
0.0152314
-0.00986667
0.00895686
-0.0412392
0.00581961
-0.0286902
-0.00986667
0.0309176
-0.0349647
-0.0537882
0.00895686
-0.0443765
-0.0286902
0.00895686
0.0277804
-0.00986667
-0.0286902
-0.0192784
-0.00672941
-0.00359216
0.00581961
-0.075749
-0.00986667
0.0528784
-0.0286902
-0.0412392
-0.00359216
0.00581961
-0.0663373
-0.0130039
-0.0192784
-0.0914353
-0.0600627
-0.0569255
-0.00672941
-0.0130039
0.0120941
0.00895686
-0.0224157
0.0183686
0.0434667
-0.0192784
0.0528784
0.0277804
0.0152314
-0.0475137
-0.000454902
0.0528784
-0.0161412
0.0434667
0.0591529
-0.00672941
0.0685647
0.00268235
0.0340549
0.0497412
0.0779765
0.0183686
-0.0192784
0.00895686
0.0371922
-0.0130039
0.0340549
0.0183686
0.0215059
0.00895686
-0.00359216
-0.0412392
0.0152314
0.0936627
-0.000454902
0.00581961
-0.0349647
0.0309176
-0.0192784
0.0309176
-0.00672941
0.0183686
0.0277804
0.0371922
0.0811137
-0.0412392
-0.0161412
0.0309176
0.0434667
0.0748392
0.0591529
0.00895686
0.0371922
0.00581961
0.0152314
-0.00672941
-0.0161412
-0.0130039
-0.0161412
0.0152314
0.0120941
0.0120941
-0.0412392
-0.0318275
-0.0349647
0.0246431
-0.00672941
-0.0161412
0.0152314
0.0120941
0.0215059
0.0215059
-0.00359216
-0.0130039
-0.000454902
0.0152314
-0.0286902
-0.038102
0.00581961
-0.0224157
-0.050651
-0.0318275
-0.0192784
0.0497412
-0.000454902
0.0183686
-0.038102
0.00268235
-0.0192784
0.00268235
-0.0632
-0.000454902
0.0120941
0.0466039
-0.0286902
0.0277804
0.00268235
-0.0286902
-0.00359216
0.0120941
0.0340549
-0.00986667
0.00895686
0.00581961
-0.0130039
0.0466039
-0.050651
-0.00986667
0.0246431
0.00581961
-0.0412392
-0.0192784
-0.00359216
-0.0161412
-0.0192784
-0.0286902
0.0246431
-0.00359216
-0.0224157
0.0340549
0.0560157
0.0120941
0.0215059
-0.0349647
0.0277804
0.0309176
0.0466039
0.00895686
-0.0286902
0.0905255
0.0434667
-0.0130039
-0.00672941
0.0873882
0.00895686
-0.00986667
-0.038102
-0.0255529
-0.00359216
-0.0286902
-0.0130039
-0.0161412
0.0277804
0.00895686
0.0215059
0.00581961
-0.0569255
0.0120941
0.00268235
-0.0412392
0.0183686
0.0215059
0.0309176
0.0120941
-0.0412392
0.0277804
0.0622902
0.0120941
0.0622902
0.0277804
0.00581961
0.0528784
0.0120941
0.00581961
0.0403294
-0.0569255
0.00581961
0.0183686
0.0246431
-0.0569255
-0.00986667
-0.00986667
0.0183686
0.0309176
0.0215059
0.00268235
-0.00359216
0.0340549
0.0246431
0.0277804
-0.000454902
0.0246431
0.00581961
0.0120941
-0.0349647
-0.0318275
-0.000454902
0.0466039
0.0403294
0.00268235
-0.00359216
0.0497412
0.0120941
0.084251
-0.000454902
0.0779765
0.0622902
0.0873882
0.0277804
0.0466039
0.0685647
0.0246431
-0.00986667
0.0560157
0.0309176
-0.00359216
-0.0161412
-0.000454902
-0.0318275
0.0183686
0.0340549
-0.0224157
-0.0286902
-0.0443765
-0.000454902
0.0183686
0.0434667
0.0120941
0.0591529
-0.000454902
0.0183686
0.0497412
0.0560157
0.0591529
0.00895686
0.0560157
-0.00986667
0.0120941
0.0340549
0.0560157
0.0215059
-0.0192784
0.0811137
0.0497412
0.0371922
0.0654275
0.0622902
0.0999373
0.0215059
-0.00359216
0.0685647
0.0685647
0.0403294
0.084251
0.0434667
0.0466039
0.0152314
-0.0130039
-0.0192784
-0.0161412
0.0152314
0.0246431
-0.00672941
0.0246431
0.0622902
0.0560157
0.0246431
-0.038102
0.0528784
0.0497412
-0.038102
-0.00986667
0.00581961
0.0936627
0.0215059
0.0403294
0.0873882
0.0654275
0.0497412
0.0340549
0.0152314
0.0371922
0.0403294
0.0371922
0.0152314
0.0591529
0.0340549
-0.00986667
0.00268235
-0.0318275
0.0779765
0.0340549
0.0215059
0.0371922
-0.0255529
0.0371922
0.0183686
-0.0286902
0.0152314
0.0152314
0.0120941
-0.00672941
0.0654275
0.0434667
0.0685647
0.0215059
0.00895686
-0.0224157
0.0277804
0.0152314
0.0246431
0.0434667
0.00268235
0.0277804
-0.000454902
0.0748392
0.0528784
0.0309176
0.0152314
0.0120941
-0.0286902
-0.00986667
0.0560157
0.0120941
0.0497412
-0.000454902
0.0183686
-0.00672941
0.0779765
0.0277804
0.0591529
0.0497412
0.0685647
0.0152314
0.0497412
0.0654275
0.0152314
0.0622902
0.0309176
0.0811137
0.0434667
0.0340549
-0.000454902
0.0120941
-0.0318275
0.0152314
0.0120941
0.0246431
0.00895686
0.0152314
0.0120941
0.0528784
-0.00359216
0.0403294
0.00268235
0.0685647
-0.0192784
-0.0130039
0.00581961
0.0434667
0.00581961
0.0434667
0.0466039
0.0622902
0.0215059
0.0340549
0.00895686
0.0340549
0.0560157
0.0466039
0.0622902
0.0309176
0.0183686
0.0748392
0.0371922
0.0999373
0.00895686
0.0183686
0.0371922
0.125035
0.0560157
0.0622902
0.0999373
0.0591529
0.13131
0.0528784
0.137584
0.0622902
0.0528784
0.0654275
0.0403294
0.0497412
0.0873882
0.0246431
0.0309176
0.0340549
0.0215059
0.0246431
0.0622902
0.0622902
0.0560157
0.0340549
-0.0161412
0.071702
0.0403294
0.0466039
0.0309176
0.0528784
0.0622902
0.0811137
0.0120941
0.0654275
0.0309176
0.00895686
0.0528784
0.00581961
0.0434667
0.0309176
0.0434667
0.0309176
-0.0255529
0.071702
0.0654275
0.071702
0.00895686
0.0309176
0.0528784
0.0246431
0.0371922
0.0528784
0.00895686
0.0434667
0.0152314
0.0309176
0.0528784
0.0340549
0.0685647
0.0371922
0.0591529
-0.00672941
-0.0130039
0.0183686
0.0528784
0.0309176
0.0434667
0.00268235
0.0152314
0.0246431
0.0685647
0.0591529
0.0371922
-0.0255529
0.0183686
0.0246431
-0.0130039
0.0560157
0.0591529
0.0246431
0.0591529
0.0560157
-0.000454902
0.0120941
0.0528784
0.0403294
-0.0286902
0.0560157
0.0340549
0.0403294
0.0403294
0.0968
0.0685647
0.0497412
0.0120941
0.0434667
0.00895686
0.0309176
-0.00986667
0.0622902
0.0183686
0.0466039
0.0152314
0.0560157
0.0215059
0.0246431
0.0183686
0.0622902
0.0340549
-0.0161412
-0.0569255
0.0434667
0.0591529
-0.0224157
0.0120941
0.0779765
0.0246431
0.0309176
0.00581961
-0.00986667
0.0183686
0.0999373
-0.0255529
0.0528784
0.0811137
0.00268235
0.0403294
0.071702
0.0748392
0.0340549
0.0152314
0.0591529
0.0936627
0.071702
0.0246431
0.00895686
0.0152314
0.0497412
-0.00672941
0.0528784
0.0560157
0.0622902
0.00581961
0.0277804
0.084251
-0.0161412
0.0371922
-0.0161412
0.00895686
0.0152314
0.0152314
0.0215059
0.0371922
0.0466039
0.0371922
0.071702
0.106212
0.071702
0.0811137
0.0403294
0.0215059
0.0748392
0.0434667
0.0622902
0.0811137
0.0873882
0.0654275
0.103075
0.0685647
0.0466039
0.0215059
0.0434667
0.0277804
0.0654275
0.115624
0.00268235
0.0466039
0.084251
0.0654275
0.0528784
0.0152314
0.0371922
0.0748392
0.137584
0.0811137
0.0905255
0.0591529
0.00268235
0.0873882
0.0309176
0.0152314
0.0528784
0.0779765
0.0685647
0.0183686
0.0466039
0.0685647
0.0622902
0.0497412
-0.00359216
0.0434667
0.0277804
0.0560157
0.0936627
0.0999373
0.0246431
-0.0130039
0.00581961
0.0246431
0.0215059
0.0528784
0.0215059
0.0434667
0.071702
0.0152314
0.0497412
0.071702
0.0748392
0.0560157
0.0528784
0.084251
0.0277804
0.0528784
0.0277804
0.0528784
0.0497412
-0.0192784
0.00895686
0.0528784
0.109349
0.0497412
0.0466039
0.0215059
0.0497412
0.0215059
0.0528784
0.0215059
0.0936627
-0.00986667
0.0120941
0.0591529
0.0497412
0.0246431
0.00268235
0.0779765
0.0779765
0.0560157
0.0371922
0.125035
0.0905255
0.0466039
-0.00986667
0.128173
0.0434667
0.0403294
0.0560157
0.0215059
0.0654275
0.0622902
0.0497412
0.112486
0.0873882
0.0340549
0.0528784
0.0560157
0.0340549
0.0403294
0.0968
0.0466039
0.0685647
0.00895686
0.0183686
0.0434667
0.0309176
0.0748392
0.0654275
0.0748392
-0.0349647
0.0215059
0.00895686
0.121898
0.0277804
0.0560157
0.084251
0.0466039
0.0497412
0.0873882
0.071702
0.0654275
0.0215059
0.0215059
0.0685647
0.0999373
0.0434667
0.0528784
0.0497412
0.0811137
0.0560157
0.00895686
0.0277804
0.0152314
0.118761
0.0371922
0.0371922
0.0466039
0.106212
0.0183686
0.106212
0.150133
0.350918
1.13837
2.85131
4.64582
6.55013
7.83955
8.87484
9.62151
10.1015
10.3776
10.4623
10.5031
10.4623
10.3901
10.205
10.067
9.78778
9.59327
9.41445
9.16974
8.96268
8.72111
8.50464
8.2317
8.04974
7.78935
7.57915
7.37209
7.08033
6.73209
6.35562
6.10464
5.76896
5.54307
5.29837
5.18543
4.93758
4.80896
4.58621
4.52033
4.44817
4.32268
4.20347
4.11876
4.09994
3.98072
3.87405
3.81445
3.68896
3.65445
3.53837
3.50386
3.47249
3.38778
3.24347
3.18386
3.10229
3.07405
3.03641
2.96111
2.89523
2.79484
2.73209
2.74778
2.62229
2.53131
2.48111
2.43092
2.39327
2.23955
2.18935
2.1768
2.067
2.00739
1.98856
1.95405
1.84739
1.79092
1.76582
1.75955
1.70935
1.63405
1.58386
1.54307
1.47405
1.43955
1.43327
1.37053
1.35798
1.29523
1.24817
1.28582
1.1666
1.18229
1.16033
1.11327
1.07249
1.07562
1.09131
1.06307
1.07249
0.978369
0.990918
0.950133
0.934447
0.940722
0.884251
0.834055
0.859153
0.802682
0.77131
0.790133
0.818369
0.761898
0.780722
0.752486
0.724251
0.633271
0.689741
0.670918
0.661506
0.630133
0.583075
0.61131
0.586212
0.557976
0.573663
0.5768
0.573663
0.551702
0.529741
0.492094
0.529741
0.536016
0.495231
0.504643
0.476408
0.438761
0.482682
0.448173
0.45131
0.394839
0.429349
0.466996
0.413663
0.397976
0.391702
0.419937
0.407388
0.34778
0.401114
0.360329
0.34778
0.369741
0.397976
0.34778
0.32582
0.341506
0.319545
0.313271
0.357192
0.29131
0.275624
0.341506
0.266212
0.285035
0.247388
0.29131
0.247388
0.225427
0.303859
0.209741
0.244251
0.228565
0.253663
0.278761
0.2568
0.209741
0.234839
0.247388
0.247388
0.18778
0.194055
0.159545
0.162682
0.18778
0.206604
0.178369
0.272486
0.159545
0.184643
0.228565
0.266212
0.209741
0.159545
0.225427
0.200329
0.118761
0.13131
0.22229
0.146996
0.181506
0.18778
0.178369
0.118761
0.143859
0.194055
0.134447
0.143859
0.140722
0.16582
0.18778
0.175231
0.146996
0.168957
0.109349
0.084251
0.143859
0.112486
0.143859
0.159545
0.150133
0.203467
0.153271
0.112486
0.168957
0.143859
0.159545
0.175231
0.153271
0.140722
0.175231
0.200329
0.168957
0.118761
0.159545
0.16582
0.137584
0.125035
0.143859
0.103075
0.0999373
0.13131
0.175231
0.200329
0.156408
0.143859
0.172094
0.13131
0.125035
0.153271
0.115624
0.159545
0.125035
0.128173
0.134447
0.106212
0.128173
0.143859
0.162682
0.0779765
0.0622902
0.134447
0.109349
0.0811137
0.118761
0.0936627
0.106212
0.115624
0.115624
0.0654275
0.071702
0.175231
0.109349
0.103075
0.0905255
0.0936627
0.115624
0.112486
0.150133
0.0748392
0.134447
0.0685647
0.084251
0.0811137
0.0685647
0.0779765
0.0779765
0.128173
0.0560157
0.0873882
0.071702
0.0968
0.0779765
0.118761
0.0497412
0.0905255
0.0654275
0.0403294
0.106212
0.084251
0.0936627
0.0811137
0.137584
0.0968
0.115624
0.146996
0.125035
0.0905255
0.109349
0.178369
0.0811137
0.159545
0.16582
0.206604
0.0905255
0.125035
0.134447
0.0936627
0.143859
0.140722
0.0654275
0.106212
0.109349
0.128173
0.0779765
0.109349
0.128173
0.0748392
0.103075
0.0152314
0.103075
0.0779765
0.121898
0.128173
0.0685647
0.0654275
0.0905255
0.106212
0.0654275
0.121898
0.0873882
0.150133
0.134447
0.0936627
0.125035
0.137584
0.0936627
0.0466039
0.0873882
0.0811137
0.128173
0.071702
0.115624
0.134447
0.0999373
0.0968
0.106212
0.112486
0.0905255
0.162682
0.118761
0.0622902
0.134447
0.143859
0.112486
0.168957
0.200329
0.112486
0.162682
0.115624
0.140722
0.109349
0.146996
0.153271
0.084251
0.125035
0.103075
0.134447
0.134447
0.112486
0.0968
0.0873882
0.140722
0.112486
0.140722
0.0968
0.106212
0.115624
0.103075
0.0466039
0.0434667
0.071702
0.0309176
0.0685647
0.115624
0.0779765
0.112486
0.0685647
0.0340549
0.0999373
0.0999373
0.0654275
0.0779765
0.121898
0.0999373
0.0591529
0.16582
0.0654275
0.0685647
0.118761
0.0685647
0.084251
0.084251
0.109349
0.0591529
0.106212
0.112486
0.0968
0.0873882
0.0779765
0.071702
0.106212
0.146996
0.103075
0.0622902
0.0591529
0.128173
0.109349
0.0748392
0.0246431
0.0309176
0.0936627
0.0277804
0.0591529
0.0811137
0.115624
0.0466039
0.121898
0.0591529
0.115624
0.0277804
0.0811137
0.0999373
0.0622902
0.0748392
0.0622902
0.0497412
0.0748392
0.0434667
0.0497412
0.0497412
0.0748392
-0.00359216
0.0591529
0.0277804
0.084251
0.0183686
0.0999373
0.0403294
0.121898
0.0340549
0.0466039
0.109349
0.0905255
0.0466039
0.150133
0.0685647
0.0497412
0.0183686
0.0748392
0.0120941
0.103075
0.0152314
0.00581961
0.0497412
0.0999373
0.00895686
0.0748392
0.0622902
0.0466039
-0.0224157
0.0905255
0.0371922
0.0622902
0.0309176
0.0936627
0.0560157
0.13131
0.0811137
0.0779765
0.0434667
0.121898
0.0403294
0.0340549
0.0622902
-0.0192784
0.0936627
0.0560157
0.084251
0.0905255
-0.00672941
0.0936627
0.125035
0.146996
0.0371922
0.0999373
0.0434667
0.071702
0.0560157
0.0873882
0.0748392
0.0591529
0.00581961
0.0936627
0.071702
0.0811137
0.0622902
0.071702
0.118761
0.0936627
0.0528784
0.0371922
0.0434667
0.128173
0.071702
0.084251
0.0466039
0.0466039
0.0685647
0.00895686
0.0968
0.140722
0.0654275
0.0968
0.0936627
0.0779765
0.071702
0.0905255
0.0528784
0.0403294
0.0497412
0.0528784
0.0434667
0.0340549
0.0183686
0.0560157
0.0340549
0.0685647
0.0340549
0.0591529
-0.000454902
0.0152314
0.0340549
0.0622902
0.0591529
0.0748392
0.0403294
0.109349
0.0622902
0.112486
0.121898
0.0466039
0.0215059
0.109349
0.0497412
0.0685647
0.0403294
0.0685647
0.0277804
0.0466039
0.0560157
0.084251
0.0152314
0.0811137
0.0748392
0.0340549
0.0748392
0.0528784
0.0591529
0.0466039
0.084251
0.115624
0.0434667
0.0434667
0.0497412
0.0371922
0.0905255
0.0591529
-0.00986667
0.071702
0.0873882
0.0560157
0.0685647
0.0936627
0.0497412
0.0434667
0.0873882
0.071702
0.0246431
0.0466039
0.0811137
0.134447
0.0748392
0.0591529
0.0779765
0.0748392
0.0748392
0.0873882
-0.000454902
0.0403294
0.0968
0.0403294
0.106212
0.0779765
0.0497412
0.0466039
0.00581961
0.0277804
0.0371922
0.0497412
0.0215059
0.0779765
0.0936627
0.0183686
0.0246431
0.0779765
0.0309176
0.0403294
0.0371922
0.0497412
0.084251
0.109349
0.0309176
0.0403294
0.0905255
0.0528784
0.0811137
0.103075
0.109349
0.0497412
0.0685647
0.071702
0.0748392
0.0497412
0.071702
0.0277804
0.0968
0.0246431
0.0120941
0.0591529
0.00268235
0.0999373
0.0215059
-0.0224157
0.0560157
0.0528784
-0.0130039
0.0434667
0.0371922
0.0371922
0.0591529
0.0183686
0.0215059
0.084251
0.0152314
0.0466039
0.0622902
0.071702
0.0246431
-0.000454902
0.0591529
0.0434667
0.0309176
0.0403294
0.0309176
0.00895686
0.0466039
0.0497412
0.0152314
0.0403294
-0.0475137
-0.0192784
0.0152314
0.0120941
0.0120941
0.0371922
0.0434667
0.071702
0.0309176
0.125035
0.0340549
0.0466039
0.0246431
-0.0130039
0.00581961
0.0277804
0.00581961
0.0528784
0.0434667
0.0403294
0.0246431
0.0779765
0.0497412
0.0340549
0.0246431
0.0371922
0.125035
0.0215059
0.0434667
0.0685647
-0.00359216
0.0622902
0.0591529
-0.0255529
0.00268235
0.0340549
0.00895686
-0.0286902
-0.0130039
0.0560157
0.00581961
0.00268235
-0.0130039
0.00268235
-0.0318275
0.0215059
-0.0161412
0.0748392
0.0466039
0.0591529
0.0434667
0.0528784
-0.00986667
0.0654275
0.0905255
0.0873882
0.0654275
0.0873882
0.0622902
0.0591529
0.0811137
0.0497412
0.0811137
0.0811137
0.0591529
0.0622902
0.0403294
0.0560157
0.0434667
0.0277804
0.0403294
0.0371922
0.0340549
0.0654275
0.0622902
0.112486
0.0246431
0.0152314
0.0905255
0.0685647
0.0434667
0.0371922
0.084251
0.0999373
0.0622902
0.0466039
0.0371922
0.071702
0.0434667
0.0246431
0.0748392
0.0528784
0.0748392
0.0685647
0.0560157
0.0968
0.0403294
0.0215059
0.0277804
0.0685647
0.0811137
0.0968
0.0685647
0.103075
0.0528784
0.0999373
0.0779765
0.0748392
0.0403294
0.071702
0.0779765
0.0340549
0.0528784
-0.00986667
0.0183686
0.0622902
0.071702
0.0905255
0.0215059
0.0591529
0.0246431
0.084251
0.0466039
0.0811137
0.0560157
0.0779765
0.0434667
0.0277804
0.0183686
0.00581961
0.00268235
0.0654275
0.0466039
0.0183686
0.071702
0.0811137
0.0999373
0.0591529
0.0403294
0.0591529
0.0246431
-0.038102
0.0591529
0.0403294
-0.0224157
0.0152314
0.071702
0.0309176
0.0497412
0.0152314
0.0309176
0.00581961
0.0560157
0.0591529
0.0497412
0.0371922
0.0497412
0.0685647
-0.0286902
0.0215059
0.0528784
0.0466039
0.0905255
0.00581961
0.0215059
0.0466039
-0.0130039
-0.0255529
-0.0286902
-0.00672941
0.0434667
0.0215059
0.0152314
0.0591529
0.0277804
-0.00359216
0.0622902
0.00268235
0.0215059
0.0654275
0.0591529
-0.0161412
0.00895686
0.0905255
0.0120941
0.0215059
0.0152314
0.0779765
0.0246431
0.0403294
0.0811137
0.0120941
0.00895686
0.0528784
-0.00672941
0.00581961
0.0152314
0.0152314
0.0905255
-0.0161412
0.0277804
-0.00359216
0.0152314
0.0277804
0.0215059
0.0120941
0.0152314
0.0277804
-0.000454902
-0.000454902
0.0183686
0.0654275
0.0497412
0.0340549
0.0246431
-0.0286902
0.0183686
0.0466039
0.0371922
0.00581961
-0.00986667
0.0215059
0.0120941
-0.0914353
-0.0349647
0.00895686
-0.0286902
-0.0130039
-0.0161412
0.071702
-0.0130039
0.0277804
0.0466039
-0.0318275
0.00268235
-0.0286902
-0.050651
0.0183686
0.0403294
-0.0537882
0.0466039
-0.00672941
-0.00359216
0.0246431
0.0215059
0.0591529
-0.038102
0.0246431
-0.0224157
0.00268235
-0.0569255
0.0152314
0.00895686
0.0246431
0.0434667
-0.000454902
0.0246431
0.0277804
0.00895686
0.0654275
0.0309176
0.0120941
0.0340549
0.00581961
-0.0161412
0.0403294
0.0528784
-0.00672941
0.0309176
-0.00986667
0.0528784
-0.000454902
0.0371922
0.0215059
0.0120941
0.0528784
0.0215059
0.0622902
0.0748392
0.0905255
0.0246431
0.0340549
0.0528784
-0.0192784
-0.00359216
0.0811137
0.0466039
-0.000454902
0.00895686
0.0246431
-0.00672941
0.0183686
-0.0349647
0.0215059
0.0622902
0.0215059
-0.0130039
-0.0255529
0.0215059
0.0215059
0.0403294
0.0811137
0.00268235
0.0183686
-0.0130039
0.0528784
0.0152314
0.0654275
0.0340549
-0.0224157
0.0497412
-0.00359216
-0.0130039
0.0466039
0.0434667
0.0654275
0.0371922
0.0685647
0.109349
0.0779765
-0.00672941
0.0591529
0.00895686
0.0779765
0.0152314
0.0622902
0.0497412
0.0497412
0.0152314
0.071702
0.0152314
0.0811137
0.0434667
0.0466039
0.0528784
0.0748392
-0.00359216
0.0120941
0.0340549
0.0246431
0.0873882
0.0152314
0.103075
0.0183686
0.0152314
0.0685647
0.0371922
0.0497412
0.071702
0.071702
0.0183686
0.0215059
0.0309176
0.0183686
-0.0130039
0.0591529
-0.00986667
0.00268235
0.00581961
0.0309176
0.00895686
0.0560157
0.0528784
0.0120941
0.0215059
0.0340549
0.0277804
0.0748392
0.0120941
0.0183686
0.0309176
0.0528784
0.00581961
-0.0286902
0.0246431
0.0183686
0.0403294
0.0120941
0.0811137
-0.000454902
-0.0318275
-0.00359216
-0.0192784
0.00895686
0.0152314
0.0183686
0.0497412
-0.00359216
0.0215059
0.0340549
0.0371922
0.0340549
0.0403294
-0.0130039
0.00581961
-0.0161412
0.0215059
0.00581961
-0.000454902
0.0120941
-0.000454902
-0.000454902
-0.0255529
0.0215059
0.0246431
0.0403294
0.0434667
0.0215059
-0.00359216
-0.038102
-0.00986667
0.00581961
0.0340549
0.0434667
0.00895686
-0.038102
0.00268235
0.0371922
-0.00359216
0.0120941
0.0120941
0.0152314
0.0340549
-0.00359216
0.0434667
0.0120941
0.0246431
-0.00672941
-0.0286902
0.00268235
0.0466039
0.0183686
0.0152314
-0.0130039
-0.00359216
-0.0161412
0.0152314
0.00895686
0.0497412
0.0371922
-0.0192784
0.0685647
0.0905255
-0.000454902
-0.00986667
0.0340549
0.0152314
0.0497412
0.0340549
-0.00359216
0.0528784
0.0340549
0.0309176
0.0340549
0.0403294
0.0622902
-0.00359216
-0.000454902
0.0403294
0.0403294
0.0215059
0.0183686
-0.0224157
0.0246431
-0.0318275
-0.0161412
0.0215059
-0.0161412
-0.0286902
-0.00672941
0.0152314
0.0466039
-0.050651
-0.0318275
0.0246431
-0.00986667
-0.0286902
-0.0224157
-0.0192784
-0.0569255
-0.0255529
0.0215059
-0.0130039
-0.0130039
0.0309176
-0.0663373
0.0152314
0.0215059
-0.0318275
-0.0412392
-0.00986667
0.00268235
-0.0600627
-0.0537882
-0.0600627
-0.050651
0.0403294
-0.0130039
-0.0161412
-0.00986667
-0.0318275
-0.0318275
-0.0224157
-0.0600627
-0.0600627
0.0183686
0.00895686
-0.0224157
-0.0475137
-0.0569255
-0.0192784
-0.0349647
-0.0788863
-0.0412392
-0.0600627
-0.0349647
-0.0161412
0.00268235
-0.0130039
-0.038102
-0.0255529
-0.000454902
-0.0161412
-0.0475137
-0.000454902
-0.0286902
-0.0914353
-0.00986667
-0.088298
0.00895686
0.00581961
0.0403294
-0.00986667
0.00581961
0.0434667
-0.0224157
-0.000454902
0.0246431
0.0309176
-0.050651
0.0152314
-0.0286902
-0.0537882
0.0246431
-0.00986667
0.0120941
0.0152314
-0.0224157
-0.00359216
-0.0130039
-0.0224157
0.0152314
0.0277804
0.0183686
0.0528784
-0.0192784
-0.0286902
-0.000454902
0.0120941
0.00895686
-0.0663373
0.0497412
-0.0130039
-0.0192784
-0.000454902
0.0403294
0.00895686
-0.0286902
0.0340549
-0.0255529
0.00581961
0.0309176
-0.00672941
0.00581961
-0.0632
0.0183686
-0.050651
0.0340549
0.0152314
-0.0349647
-0.000454902
0.0183686
0.0246431
-0.050651
0.0340549
0.0152314
-0.00672941
0.0152314
0.0340549
-0.00986667
-0.00672941
-0.0443765
0.0277804
0.00895686
-0.0130039
0.0183686
-0.0569255
-0.0537882
0.0277804
-0.0161412
-0.0318275
-0.0443765
0.0434667
-0.000454902
-0.00359216
-0.0349647
0.0309176
0.0120941
-0.0224157
0.0340549
0.0528784
-0.0161412
-0.050651
-0.0192784
-0.0349647
0.0215059
-0.00359216
0.0434667
0.0152314
0.00895686
0.0560157
0.0183686
-0.0349647
0.0215059
0.0120941
0.0120941
-0.000454902
-0.000454902
0.0466039
0.0120941
0.0622902
0.0434667
0.00895686
0.0371922
0.0277804
-0.00672941
0.0246431
-0.0286902
0.0466039
-0.0286902
-0.00986667
-0.0192784
-0.0475137
0.0152314
-0.0161412
-0.0286902
0.0183686
0.0622902
0.0120941
0.0622902
0.0497412
-0.00672941
0.0120941
-0.0286902
0.0403294
0.00581961
0.0215059
0.0120941
0.0152314
0.0528784
-0.0318275
0.0497412
-0.00986667
-0.0255529
-0.0569255
0.0622902
0.0246431
0.0215059
-0.000454902
0.0120941
0.0340549
0.0591529
0.0466039
0.0434667
0.0277804
-0.0255529
0.0560157
0.0340549
0.0246431
0.0466039
-0.00986667
0.0434667
0.0277804
0.0779765
0.00581961
0.0246431
0.0654275
-0.0161412
0.0215059
0.0277804
0.0497412
0.00581961
0.00895686
-0.0224157
0.0622902
0.0215059
-0.0161412
0.0591529
-0.000454902
0.0277804
-0.0286902
-0.050651
-0.00986667
0.112486
-0.050651
0.0371922
-0.0130039
0.0120941
-0.0255529
0.0371922
0.0246431
-0.0224157
-0.0192784
0.0340549
0.0497412
-0.0224157
0.0120941
0.0560157
-0.0318275
-0.00986667
-0.0161412
0.0215059
-0.00986667
0.0340549
0.0183686
-0.000454902
-0.000454902
-0.000454902
-0.0318275
-0.00359216
-0.00672941
0.00268235
0.0215059
0.0152314
-0.0224157
-0.0161412
-0.0224157
-0.00986667
-0.00672941
-0.00986667
-0.00986667
0.00581961
-0.0192784
0.0246431
-0.0443765
-0.0537882
0.0277804
0.0215059
0.0215059
-0.0318275
0.0528784
-0.00359216
0.0183686
0.0622902
0.00581961
-0.00672941
-0.00359216
-0.0537882
-0.00359216
-0.0255529
-0.00986667
0.0622902
0.0434667
0.00895686
0.084251
-0.0349647
0.00581961
0.0591529
-0.00672941
0.0340549
0.00268235
0.0152314
0.0246431
0.0309176
0.0654275
0.0905255
0.00268235
0.0560157
0.0654275
0.0152314
0.0152314
0.0340549
0.0246431
0.0246431
0.0466039
0.0528784
0.0528784
0.0183686
-0.00359216
0.0152314
0.0622902
0.0528784
-0.00359216
0.0466039
0.106212
-0.00359216
0.00895686
0.0371922
0.0246431
0.0591529
0.106212
0.0120941
0.0528784
0.00268235
0.0403294
0.0340549
0.00581961
-0.0192784
0.0873882
0.00895686
0.0560157
0.0936627
0.0340549
0.115624
0.115624
0.103075
0.0497412
0.0968
0.0528784
0.0905255
0.0999373
0.115624
0.109349
0.0309176
0.13131
0.128173
0.106212
0.0591529
0.0811137
0.071702
0.109349
0.125035
0.0748392
0.140722
0.0685647
0.0466039
0.071702
0.128173
0.0999373
0.140722
0.0779765
0.0466039
0.0811137
0.0497412
0.0560157
0.0528784
0.0591529
0.0560157
0.0434667
0.0340549
0.0654275
0.0811137
0.0434667
0.0277804
0.0277804
0.0403294
0.0999373
0.0779765
0.13131
0.0591529
0.0779765
0.0622902
0.0466039
0.0434667
0.0528784
0.115624
0.0936627
0.00895686
0.0152314
0.0277804
0.0591529
0.0811137
0.0434667
0.0309176
-0.00986667
0.0120941
0.0215059
0.0466039
0.0748392
0.0748392
0.0371922
0.0497412
0.0277804
0.0120941
0.0152314
0.0120941
0.0371922
0.0120941
0.0685647
0.0466039
0.0215059
0.0403294
0.0183686
0.0309176
0.0622902
0.071702
0.0152314
0.0560157
0.0403294
0.0309176
-0.00359216
0.0434667
0.0371922
0.0215059
0.0215059
0.0309176
0.0183686
0.0120941
0.0152314
0.00581961
0.0466039
-0.00359216
-0.000454902
-0.0192784
0.0779765
-0.0192784
0.0183686
0.0528784
-0.050651
-0.0349647
0.0277804
-0.038102
-0.00672941
0.00268235
0.00268235
0.0497412
-0.00672941
-0.00359216
-0.00986667
0.0685647
0.0685647
0.00581961
0.0277804
0.071702
0.0560157
0.0371922
0.0622902
0.00268235
0.0120941
0.0371922
-0.00672941
0.0246431
0.0152314
0.0246431
-0.0318275
0.00895686
0.0277804
0.0340549
-0.0443765
-0.0349647
0.0560157
0.0340549
0.00268235
0.0152314
-0.00359216
-0.038102
0.0120941
-0.0192784
0.0497412
0.0403294
-0.00672941
-0.0161412
0.0591529
0.0905255
-0.0349647
0.0277804
-0.0224157
-0.0224157
-0.050651
-0.0632
0.00895686
0.00581961
-0.038102
0.0403294
0.0340549
0.0528784
0.0403294
0.0309176
-0.0475137
0.0309176
-0.0192784
0.0246431
-0.0161412
-0.000454902
0.00895686
0.0528784
-0.0161412
0.0434667
-0.00986667
0.0215059
0.0215059
-0.0192784
0.0152314
-0.0475137
-0.0318275
0.0246431
0.0183686
-0.0349647
-0.00359216
-0.038102
0.0120941
0.0120941
-0.0161412
-0.000454902
-0.0286902
0.0183686
0.0403294
-0.00359216
-0.00672941
0.0434667
0.0277804
0.0246431
0.0371922
0.0434667
0.0434667
0.0215059
0.0340549
0.0183686
0.0183686
-0.000454902
-0.0161412
0.0183686
0.0497412
-0.00986667
-0.0443765
0.0246431
0.0309176
0.071702
-0.0412392
-0.000454902
0.0215059
0.0685647
0.0277804
0.0183686
0.0152314
0.0434667
0.0591529
-0.00359216
0.0403294
0.0309176
0.0277804
0.00581961
0.0528784
0.0654275
-0.0224157
0.0622902
0.0340549
0.00581961
-0.0192784
-0.00672941
0.0622902
-0.00986667
0.0120941
0.0246431
0.0371922
-0.00672941
0.0466039
0.0434667
-0.00986667
-0.00986667
0.0277804
-0.000454902
0.0622902
0.0591529
-0.0286902
0.0120941
0.0277804
-0.0255529
0.00268235
0.0309176
0.0277804
0.0654275
0.0466039
0.00581961
0.0403294
0.0654275
0.0811137
0.0371922
0.0466039
0.0591529
0.0654275
-0.00359216
0.0466039
0.0560157
0.00268235
-0.000454902
0.0748392
0.0371922
0.0622902
0.103075
0.00268235
0.0497412
0.0246431
0.0968
0.0246431
0.0999373
0.0371922
0.0215059
0.0183686
0.084251
0.00581961
0.0183686
0.0654275
0.0152314
0.0685647
0.0622902
0.00895686
0.0403294
-0.0130039
0.0183686
0.0654275
-0.0255529
0.0403294
-0.00986667
0.0183686
0.0340549
-0.00359216
0.0183686
0.0371922
0.0215059
0.00581961
-0.00359216
0.00581961
0.00268235
0.0309176
0.0309176
0.0654275
0.00581961
0.00895686
0.0120941
-0.0224157
-0.000454902
0.0152314
0.0497412
0.0654275
0.0277804
0.0497412
0.0120941
0.0434667
0.0309176
0.0120941
0.00895686
0.00895686
-0.0192784
-0.00359216
0.0152314
0.0403294
0.0120941
0.0403294
0.0215059
0.084251
-0.0349647
0.0654275
0.0215059
0.0371922
0.0215059
0.00895686
0.0748392
0.0497412
0.0371922
0.0371922
0.0434667
0.0560157
0.00895686
0.0560157
0.0277804
0.0403294
0.0591529
0.0528784
0.00268235
0.0246431
0.0340549
0.0246431
0.0340549
0.0371922
0.0277804
0.0497412
-0.000454902
-0.0130039
-0.038102
-0.000454902
0.0120941
0.0591529
0.00895686
0.0183686
0.0434667
0.0748392
0.0434667
-0.0224157
0.0277804
0.0560157
0.0497412
0.0246431
0.0466039
0.0560157
0.0246431
0.0340549
0.0309176
0.0246431
0.071702
0.0748392
0.0685647
0.0309176
0.0497412
0.103075
0.084251
0.0340549
0.0591529
0.0560157
0.071702
0.00895686
0.0277804
0.0528784
0.0403294
0.0685647
0.00268235
0.0277804
0.0685647
0.071702
0.0591529
0.0277804
-0.00986667
0.071702
0.0685647
0.0936627
0.0654275
0.071702
0.0968
0.0466039
0.0811137
0.0309176
0.0371922
-0.000454902
0.0183686
0.0309176
0.0183686
0.071702
0.0968
0.0622902
-0.000454902
0.0654275
0.0654275
0.0654275
0.0622902
0.0654275
0.0560157
0.0811137
0.00268235
0.0811137
0.0591529
0.0309176
0.084251
0.0560157
0.0434667
0.134447
0.0277804
0.0685647
0.0779765
0.0215059
0.0403294
-0.00986667
0.0466039
0.0528784
0.0403294
0.0497412
-0.0192784
0.0968
0.0497412
0.0622902
0.0215059
0.106212
0.0905255
-0.0130039
0.071702
0.0685647
-0.0130039
-0.0349647
-0.0130039
0.0654275
0.0434667
0.0340549
0.0936627
0.0403294
0.0434667
-0.0130039
0.0277804
0.0277804
0.0183686
0.0246431
0.0183686
0.0152314
0.0120941
0.0246431
0.0120941
0.0277804
0.0466039
0.0622902
0.00581961
0.0340549
-0.0600627
-0.000454902
-0.00672941
0.0779765
0.0873882
0.0403294
0.0591529
0.0309176
0.0434667
0.0560157
0.0340549
0.0873882
0.0560157
0.0434667
-0.0412392
0.0183686
0.0371922
0.0120941
0.00581961
-0.0286902
0.0120941
-0.000454902
0.0246431
0.0215059
0.00895686
0.00895686
0.0591529
0.0466039
0.0340549
-0.000454902
0.0434667
0.0497412
0.0340549
0.0309176
-0.00359216
0.0779765
0.0277804
-0.0412392
0.084251
-0.00986667
0.0779765
-0.0161412
0.0497412
0.103075
0.0152314
0.0183686
0.0622902
0.0403294
0.0183686
0.0748392
0.0309176
0.0622902
0.0434667
0.0246431
0.0152314
0.0591529
0.0779765
0.071702
0.0528784
0.0120941
0.0434667
0.0528784
0.0748392
0.0309176
0.0685647
-0.0224157
0.106212
0.0152314
0.0591529
0.0434667
0.0246431
0.0277804
0.0622902
0.0434667
0.103075
0.0622902
0.0497412
0.0497412
0.0654275
0.084251
0.0936627
0.0528784
0.112486
0.0277804
0.0466039
0.0779765
0.106212
0.0277804
0.00895686
-0.00672941
0.0622902
0.0371922
0.0340549
0.00268235
0.0120941
0.0246431
0.0371922
0.0434667
-0.00672941
0.112486
0.0183686
0.0497412
0.0340549
0.00581961
0.0215059
0.0246431
0.0811137
0.0434667
-0.00986667
0.0340549
0.0528784
0.0340549
0.0277804
-0.00986667
0.0309176
0.0246431
0.0528784
-0.00672941
0.00895686
0.0434667
0.071702
0.0215059
0.0622902
-0.0224157
-0.000454902
-0.0255529
-0.0192784
0.00581961
0.0528784
-0.0224157
0.0152314
0.0340549
0.0403294
0.0120941
0.0371922
0.00581961
0.0528784
0.0466039
-0.0349647
-0.0412392
-0.0161412
-0.000454902
0.00895686
0.00895686
0.0277804
0.00895686
-0.000454902
-0.0286902
-0.0161412
-0.038102
0.0654275
-0.0161412
-0.00986667
0.0152314
-0.0192784
0.0215059
0.0497412
0.0403294
0.0215059
0.0466039
0.0497412
0.0779765
-0.0286902
0.0215059
0.0654275
-0.0224157
-0.00359216
0.0622902
0.0371922
0.00268235
-0.0192784
0.0905255
0.0183686
0.0434667
0.00895686
0.0309176
-0.0192784
-0.0412392
0.0152314
-0.0286902
0.0152314
0.00581961
0.00895686
0.0183686
-0.00359216
-0.050651
0.00268235
0.00895686
0.0246431
0.0371922
0.0434667
0.00268235
0.0215059
0.00268235
0.0434667
0.0183686
0.00895686
-0.00986667
-0.0443765
0.0434667
-0.0192784
-0.0632
0.0528784
0.0560157
0.00895686
0.00581961
0.0560157
0.0277804
0.00268235
0.0560157
-0.00986667
0.0309176
0.0497412
0.0340549
-0.0192784
0.0466039
0.0560157
0.0309176
0.0183686
0.0434667
0.0183686
0.0246431
0.118761
-0.00359216
0.0152314
0.0434667
0.0591529
-0.00359216
0.0434667
0.00895686
0.0152314
-0.0161412
0.0560157
-0.00672941
0.0371922
-0.0161412
0.0120941
0.00581961
0.0340549
-0.0286902
0.0309176
-0.00672941
0.0371922
0.0309176
-0.0224157
-0.0130039
-0.0286902
-0.0130039
0.0183686
0.0340549
0.0215059
-0.00672941
0.0466039
-0.00672941
0.0466039
0.0528784
0.0309176
0.0434667
0.0528784
0.00581961
0.0434667
-0.0130039
0.00895686
-0.038102
0.0654275
0.0528784
-0.00359216
0.00268235
0.00895686
-0.0192784
0.0152314
0.0466039
0.0403294
0.0622902
0.0591529
0.0811137
0.0654275
0.0215059
-0.0224157
0.00581961
0.071702
0.0528784
-0.0349647
-0.0318275
-0.00986667
0.0246431
0.0528784
-0.00986667
0.0434667
0.00268235
-0.0443765
-0.0130039
0.0403294
0.0560157
-0.00672941
-0.000454902
0.00581961
0.0120941
0.00268235
-0.00359216
0.0309176
0.0403294
0.0528784
0.0371922
0.0183686
-0.00359216
0.0183686
0.0528784
-0.00986667
0.0654275
0.0371922
-0.0224157
0.00895686
0.0120941
0.0371922
0.0120941
0.00895686
0.0215059
0.0246431
-0.0224157
-0.000454902
0.0309176
0.0277804
0.0246431
0.0434667
-0.0192784
-0.0318275
0.0560157
0.0309176
0.0152314
0.0183686
0.0434667
0.0120941
0.0654275
0.0277804
0.00895686
-0.00986667
-0.0443765
0.0560157
0.0215059
0.0309176
-0.0318275
0.0246431
0.0936627
0.0403294
0.0277804
0.0622902
0.0246431
0.0434667
-0.0349647
0.0497412
0.071702
0.0277804
0.0309176
0.0277804
0.0466039
0.0748392
0.00895686
0.00268235
-0.0318275
0.0466039
0.0152314
0.0497412
0.0340549
0.0748392
0.0371922
0.0152314
0.0340549
0.0528784
0.0340549
0.0403294
0.0748392
0.0309176
0.0309176
0.00895686
0.0183686
0.0560157
0.0560157
0.0622902
0.00895686
0.0497412
0.0183686
-0.0286902
0.0403294
-0.0130039
0.0309176
0.0277804
0.0371922
0.0622902
-0.0537882
0.0246431
-0.0161412
0.0152314
0.0654275
-0.00986667
-0.00986667
-0.000454902
-0.000454902
0.00581961
0.00268235
0.0309176
0.0309176
0.0183686
0.0340549
0.0183686
-0.00359216
0.0309176
-0.0192784
-0.0318275
0.00581961
-0.00986667
0.00895686
-0.050651
0.0152314
-0.050651
-0.0318275
0.0340549
-0.0192784
-0.000454902
0.0497412
-0.00359216
-0.0192784
0.00268235
0.0215059
-0.00359216
-0.0632
0.0309176
0.0654275
-0.000454902
-0.0286902
0.0434667
0.0277804
0.00581961
-0.00359216
0.0120941
0.0560157
0.0528784
0.0591529
0.0560157
0.0999373
0.0371922
0.121898
0.00581961
0.112486
0.0120941
0.0371922
0.0591529
0.0403294
0.071702
0.0152314
-0.00359216
-0.0286902
-0.00359216
0.00895686
-0.00359216
0.0183686
0.0277804
0.0528784
-0.0224157
0.0120941
0.0246431
-0.0286902
-0.0443765
0.0277804
0.0215059
-0.00986667
-0.0192784
0.00895686
-0.0475137
-0.000454902
-0.0286902
0.0340549
-0.0632
0.0309176
0.0246431
0.0120941
0.0152314
-0.0161412
-0.050651
0.0277804
-0.0224157
-0.0600627
-0.0255529
-0.0475137
-0.0130039
-0.0255529
-0.0192784
0.0215059
-0.00359216
-0.00359216
-0.00986667
-0.0286902
0.0748392
0.0246431
0.0403294
-0.00986667
0.0183686
-0.0600627
-0.00359216
0.0371922
0.0277804
0.0403294
-0.0600627
-0.0349647
0.0277804
-0.0443765
-0.0161412
-0.0318275
0.0120941
-0.075749
-0.0412392
0.0497412
-0.00986667
-0.000454902
-0.000454902
-0.00359216
0.0277804
0.0277804
-0.00986667
-0.0255529
0.0371922
-0.00359216
-0.000454902
0.0183686
0.0246431
-0.00359216
0.0152314
0.0340549
0.0371922
0.0403294
0.0246431
0.0215059
0.00895686
-0.00359216
0.0560157
0.0183686
0.0403294
0.0120941
0.00895686
0.0309176
0.0309176
-0.0224157
0.00268235
0.0215059
0.0528784
-0.0255529
0.00581961
0.0277804
-0.000454902
0.0403294
0.0120941
-0.0443765
0.0466039
-0.0224157
0.0748392
0.0309176
0.0622902
-0.00986667
0.0246431
-0.0255529
0.00895686
0.0654275
0.0277804
0.0309176
0.071702
-0.0224157
-0.00672941
0.0309176
0.13131
0.0497412
-0.0694745
0.0403294
0.0246431
0.0434667
0.0183686
-0.0318275
0.0340549
0.0528784
-0.0286902
0.0183686
0.00268235
0.0528784
0.00895686
0.0215059
0.0622902
0.0528784
0.0748392
-0.0130039
0.0246431
0.0622902
-0.0443765
0.0215059
-0.0130039
0.0215059
0.0277804
0.0277804
0.00895686
-0.00986667
0.0685647
0.0215059
-0.038102
0.0277804
0.0622902
0.0309176
0.0466039
0.0340549
0.0277804
0.0466039
0.0434667
0.0277804
0.103075
0.0434667
0.109349
-0.0349647
0.0622902
0.121898
0.0936627
0.0497412
0.0152314
0.0968
0.0434667
0.0403294
0.0528784
0.0622902
0.0497412
0.0905255
0.0748392
0.112486
0.0873882
0.128173
0.0403294
0.0497412
0.0685647
0.112486
0.121898
0.0873882
0.0591529
0.118761
0.0528784
0.109349
0.0779765
0.0622902
0.0779765
0.0968
0.0371922
0.0748392
0.0340549
0.0685647
0.0591529
0.0120941
0.0622902
0.00581961
0.0591529
0.0340549
0.0277804
0.0309176
0.0403294
0.0560157
0.0622902
-0.000454902
0.0120941
-0.000454902
0.0654275
0.084251
0.0434667
0.0152314
0.0654275
0.0873882
-0.00359216
0.0309176
0.0434667
0.0936627
0.0434667
0.0183686
0.0403294
0.0528784
-0.00986667
0.0152314
0.0622902
0.0246431
-0.00359216
0.0528784
0.0497412
0.0497412
0.084251
0.0622902
-0.00359216
0.0905255
0.0152314
0.0654275
0.00268235
0.0685647
-0.0224157
0.0152314
0.0120941
0.0560157
0.0246431
0.0560157
0.0622902
0.0560157
0.0434667
0.00268235
0.0748392
0.125035
0.071702
0.0528784
0.0466039
0.0748392
0.106212
0.0528784
0.0560157
0.0434667
0.0654275
0.0403294
0.0371922
0.106212
0.0591529
0.0152314
0.0654275
0.0968
0.084251
0.0560157
0.103075
0.0277804
0.0779765
0.071702
0.0748392
0.0277804
0.0528784
0.0152314
0.0811137
0.0591529
0.0560157
0.0434667
0.0497412
0.0779765
0.112486
0.0999373
-0.000454902
0.0246431
0.0183686
0.0403294
0.0748392
0.0340549
0.0403294
0.0591529
0.00268235
0.106212
0.0120941
0.0403294
0.0340549
0.0120941
0.0371922
-0.0161412
0.0936627
0.0497412
0.0183686
0.0277804
0.0246431
0.0434667
0.0183686
-0.0130039
0.0905255
0.00268235
0.0685647
0.00268235
0.0152314
-0.00986667
0.0497412
-0.00986667
-0.0224157
0.0215059
-0.0255529
0.00268235
-0.0255529
0.0120941
0.0152314
0.0120941
0.0340549
0.0152314
-0.0255529
0.106212
0.0560157
0.00268235
0.0403294
0.0246431
0.0340549
0.0183686
-0.00672941
0.0246431
0.00581961
0.0340549
0.0246431
-0.0192784
-0.0130039
0.0873882
0.0246431
0.0246431
-0.00986667
-0.00672941
0.0497412
0.0685647
0.0309176
0.0120941
0.0622902
0.0215059
0.00895686
-0.0130039
0.0183686
0.0371922
0.0309176
0.0152314
0.0811137
-0.0412392
0.0591529
0.0371922
0.0403294
-0.000454902
0.0309176
0.0277804
-0.0192784
0.00895686
0.0622902
0.0340549
-0.00986667
-0.0130039
-0.00986667
0.0403294
0.0497412
0.0277804
-0.000454902
0.0560157
0.00895686
-0.0475137
0.0591529
0.0873882
0.0811137
0.0560157
0.0748392
0.0497412
0.0434667
0.00268235
0.0152314
0.0277804
0.0560157
0.0246431
0.0622902
0.0340549
0.0434667
0.0811137
0.0120941
0.0309176
0.0309176
0.0622902
0.0591529
0.0277804
-0.0443765
0.0152314
0.0685647
0.00581961
0.0277804
0.071702
0.0654275
0.0999373
0.0497412
0.0120941
-0.000454902
0.0685647
0.0528784
0.0403294
0.0309176
0.0183686
-0.00986667
0.0403294
-0.0318275
0.071702
0.0340549
0.0309176
-0.0161412
0.0215059
0.0591529
-0.0977098
-0.0161412
0.00581961
-0.0161412
0.0152314
-0.000454902
0.0215059
0.0277804
0.0466039
-0.0192784
0.0748392
-0.00672941
-0.0161412
0.0183686
-0.00672941
0.0685647
0.0466039
-0.000454902
-0.0286902
0.00895686
0.0215059
0.0403294
0.00895686
0.0340549
0.0215059
0.0497412
-0.0255529
0.0120941
0.0371922
-0.000454902
0.0215059
0.0685647
-0.0192784
0.0403294
0.0497412
0.0183686
0.0371922
0.0152314
0.00895686
0.0403294
0.0748392
0.0403294
-0.0255529
0.0434667
-0.00359216
-0.00672941
0.0277804
0.00268235
-0.0286902
-0.0130039
0.00581961
0.0403294
-0.038102
0.0183686
0.0215059
0.0120941
0.0152314
0.00895686
-0.0161412
0.0183686
0.0277804
0.0497412
0.00895686
0.0434667
-0.00986667
-0.00359216
0.0120941
-0.0318275
0.00581961
0.0371922
0.0497412
0.0403294
0.0309176
0.0120941
0.0528784
0.0622902
0.0591529
-0.00359216
0.0466039
0.0340549
0.0560157
0.109349
0.0622902
0.0811137
0.115624
0.00268235
0.0277804
0.071702
0.0936627
0.0277804
0.0591529
0.0560157
0.0528784
0.084251
0.0811137
0.0685647
0.0811137
0.0622902
0.0936627
0.0497412
0.0622902
0.0528784
0.0622902
0.0968
0.0748392
0.0591529
-0.000454902
0.0685647
0.0434667
0.0873882
0.0622902
0.0968
0.0340549
0.00581961
0.0183686
0.0779765
0.0528784
0.0340549
0.0340549
0.071702
-0.0130039
0.00895686
0.0497412
0.0466039
0.0622902
-0.0161412
0.0811137
0.0560157
-0.000454902
0.0277804
0.0215059
0.071702
0.0466039
0.0654275
0.0246431
0.0215059
0.0873882
0.0466039
0.0152314
0.0466039
0.0309176
0.071702
0.0748392
0.0591529
0.0528784
0.0246431
0.0999373
0.0654275
0.0403294
0.0497412
0.0591529
0.0497412
0.0340549
0.103075
0.0905255
0.0340549
0.0434667
0.00581961
0.115624
0.0340549
0.0779765
0.0560157
0.071702
0.084251
0.0277804
0.0183686
0.0748392
0.0654275
0.0779765
0.0873882
0.0371922
0.0654275
0.0748392
0.0371922
0.0528784
0.00581961
0.0591529
0.0936627
0.0466039
0.0497412
0.0466039
0.115624
0.0748392
0.0371922
-0.00359216
0.0591529
0.0591529
0.0685647
0.0873882
0.109349
0.0215059
0.118761
0.0183686
-0.00359216
0.0497412
0.071702
0.0340549
0.0340549
0.0371922
0.0968
0.0183686
0.0528784
0.00895686
0.0403294
-0.0192784
0.00895686
0.0309176
0.0246431
0.0309176
0.0403294
0.0215059
0.0560157
0.00895686
0.115624
0.0528784
0.0246431
0.0152314
0.0371922
0.0497412
0.0183686
0.0528784
0.0340549
0.0591529
0.0371922
0.0434667
0.0685647
0.00581961
-0.0130039
0.0215059
-0.0286902
0.0654275
0.0779765
0.0340549
0.071702
0.0277804
-0.0255529
0.0560157
0.0277804
