 14 -19
 -5 -5
 12 -14
 22 10
 17 -53
 2 -8
 -21 -18
 -1 -29
 33 21
 8 -7
 70 42
 -2 -6
 -29 -4
 -12 -24
 14 -8
 1 -25
 -7 -15
 10 -16
 16 3
 5 -22
 -16 -22
 -12 -1
 17 -30
 42 -23
 34 7
 25 3
 7 -4
 -41 -72
 4 -10
 -18 -48
 10 -1
 -11 -40
 -21 -8
 -17 -62
 -1 -40
 -15 -32
 12 5
 5 -3
 10 -14
 36 18
 -1 -16
 -4 0
 13 4
 13 33
 1 -3
 -20 -2
 40 -14
 -8 -18
 20 19
 9 -3
 -14 -16
 0 -2
 2 -37
 13 6
 15 4
 10 6
 15 -12
 11 2
 20 4
 363 3
 -6 -42
 7 -12
 -17 -24
 5 -32
 2 5
 25 -10
 -8 0
 14 2
 12 -4
 6 5
 3 -29
 -4 -7
 -12 -8
 20 -3
 13 8
 19 10
 -7 12
 18 10
 20 3
 15 -10
 21 -1
 5 12
 6 7
 -43 -11
 -12 -7
 -18 0
 3 -4
 -12 -14
 9 -25
 -7 -27
 7 -2
 8 -3
 8 16
 8 -18
 1 -25
 11 -11
 3 26
 11 22
 14 -25
 31 5
 4 -8
 15 12
 -19 -27
 -30 -2
 22 1
 -13 -14
 0 13
 27 -42
 6 -5
 17 -5
 33 22
 20 -5
 4 -19
 16 25
 18 18
 -4 -2
 10 -3
 9 0
 12 -30
 -16 11
 -7 -35
 -4 -18
 -12 -25
 4 4
 5 9
 26 19
 8 13
 9 -51
 -40 -4
 -40 -72
 6 -9
 15 -11
 12 -1
 386 357
 -3 13
 20 -6
 20 13
 -1 -2
 4 0
 -34 -24
 -15 -26
 8 -25
 -21 -17
 1327 1325
 -15 -3
 15 27
 -41 -35
 1 -21
 27 9
 17 -19
 340 323
 -10 7
 -1 -25
 13 -10
 4 -10
 5 -43
 5 -3
 16 -7
 17 18
 -1 -20
 14 -14
 1 -19
 11 24
 5 -5
 66 8
 37 11
 15 -9
 11 -9
 11 4
 11 -7
 7 5
 4 15
 -21 -34
 -7 11
 28 -3
 23 -7
 17 16
 11 4
 25 13
 9 -25
 -1 -15
 14 0
 15 16
 -24 -21
 15 -1
 0 5
 1 -4
 32 -6
 19 2
 -7 -12
 9 -4
 -2 -18
 -2 -14
 32 0
 8 -12
 -18 -13
 -10 3
 1 -9
 6 0
 1 -14
 4 -1
 13 27
 24 5
 -2 79
 18 6
 -13 -29
 12 -35
 9 9
 9 5
 -1 -5
 14 -11
 15 5
 -12 -24
 21 5
 1155 1131
 -10 -5
 -41 -49
 -2 -1
 0 1
 -1 1
 1 3
 -1 1
 1 2
 -9999 -2
 -9999 -1
 -9999 -2
 -9999 -3
 1 -2
 1 -2
 -2 0
 -8.16357 -9.09375 -4 -8
 -9999 7.99414 -9999 -4
 -9999 -2.83228 -9999 0
 -10.9592 -6.59277 -4 -4
 -9999 -7.38623 -9999 -4
 -23.6895 -17.9192 -4 -8
 2.5022 -4.55005 4 -4
 -9999 -11.7856 -9999 -8
 -6.1936 -13.906 0 -8
 -9999 7.15552 -9999 -4
 6.91479 2.33789 0 -4
 -9999 -0.19458 -9999 -8
 -9999 -10.2463 -9999 -12
 -9999 -11.373 -9999 -8
 -9999 -7.7356 -9999 -4
 -9999 -6.94141 -9999 -8
 -9999 -22.1802 -9999 -4
 -5.59399 -12.8491 -4 -12
 4.79419 -9999 4 -9999
 -6.31299 0.0339355 -8 0
 0.502197 -9999 0 -9999
 1.08618 2.82788 4 4
 -9999 -0.476562 -9999 0
 -9999 -51.5017 -9999 -48
 0.0959473 -51.3994 0 -52
 -9999 -48.3059 -9999 -48
 -9999 -51.7366 -9999 -52
 1.92798 -46.7563 0 -48
