0
0
0
1.888829E-05
-1.079331E-05
-2.698328E-05
-0.0001295197
0.0001133298
-0.0002293578
6.745818E-05
3.237992E-05
-8.094987E-06
-0.000116028
-7.825148E-05
5.936321E-05
0.000156503
-0.0001996762
0.0002698327
-1.88883E-05
7.555317E-05
-0.000304911
0.0001538047
-5.396651E-06
1.618996E-05
9.444147E-05
0.0001106315
0.0001052348
8.904483E-05
-0.0001618996
0.000280626
-0.0004587157
0.0004479222
-0.0001780896
0.0001295197
2.698372E-06
0.0002347544
-0.0002914192
0.0004991905
-2.698316E-06
0.000288721
0.0001888829
0.0004695088
0.0003372909
0.0004668106
0.0003642742
0.001349164
0.0005828383
0.001268213
0.001211549
0.001351862
0.001716136
0.0019374
0.002120886
0.003005936
0.00551268
0.006751214
0.00853211
0.009692392
0.01446843
0.01683756
0.01809498
0.0193497
0.0156449
0.01509445
0.01449811
0.01461683
0.009352403
0.007862923
0.005509984
0.006875336
0.006907718
0.007506747
0.01025364
0.01068267
0.009411762
0.01528873
0.01115219
0.01066379
0.01314894
0.0129088
0.01395845
0.01313006
0.01455208
0.01328386
0.01214247
0.01109282
0.01025094
0.01230707
0.01050458
0.0104803
0.01138694
0.01187533
0.01132218
0.01114679
0.01106314
0.01361036
0.013381
0.01589045
0.01415273
0.01894226
0.01982191
0.02067458
0.02346466
0.02386399
0.02207232
0.02352401
0.02125202
0.02013491
0.01856719
0.01566918
0.01502159
0.01640312
0.01519968
0.01284673
0.009525091
0.01094441
0.008785749
0.01172692
0.01037236
0.0115758
0.01117375
0.01865622
0.01263622
0.02019693
0.0066109
0.01874252
0.005515411
0.01147589
0.009187764
0.01931167
0.002266709
0.02941728
-0.01532949
0.04429151
-0.0289581
0.04848833
-0.03011255
0.0571073
0.001613634
0.04272443
0.01390667
0.04238173
0.009400692
0.04801398
-0.007857829
0.06608439
0.005377775
0.07343729
-0.03113572
0.1183775
-0.04183081
0.1024868
-0.01515173
0.07344009
0.08024764
0.02900167
0.08382062
0.09037468
0.03913233
0.1497504
0.002207285
0.1872848
0.04898067
0.1888965
0.1028592
0.2079703
0.1816356
0.2144099
0.2240789
0.2650379
0.2727543
0.3254878
0.3066753
0.4289038
0.3458365
0.5311807
0.3917139
0.6201354
0.5144578
0.6244197
0.6823773
0.6562035
0.8031225
0.785577
0.807199
1.016328
0.8772522
1.0967
1.031326
1.125389
1.046909
1.25254
1.262774
1.315856
1.434046
1.403184
1.358459
1.330073
1.393735
1.710046
1.589137
3.393162
2.89323
3.027804
3.223875
3.193362
3.075277
3.080214
3.267155
3.153474
3.103591
3.347848
3.157968
3.073626
2.951933
3.134747
2.793327
2.869322
2.840624
2.637921
2.604975
2.547972
2.501673
2.448171
2.178879
2.379601
2.104392
2.096387
1.923532
1.933662
1.791804
1.750478
1.697288
1.607217
1.488688
1.443504
1.348936
1.342368
1.137349
1.191522
0.9868855
1.078788
0.8651344
0.9086761
0.7987421
0.7198043
0.7181654
0.6114954
0.5072735
0.5251449
0.3622746
0.4704679
0.2525717
0.3547623
0.2205997
0.2428217
0.1358136
0.1512815
0.05317526
0.05080466
-0.01354723
0.006317674
-0.04142381
-0.02617078
-0.1465526
-0.05755314
-0.1967073
-0.1154581
-0.2257036
-0.1250241
-0.1991447
-0.1442565
-0.1866605
-0.1587991
-0.187968
-0.1735049
-0.2088804
-0.12934
-0.1855676
-0.09533476
-0.1839634
-0.02931358
-0.1493994
0.0187795
-0.07562531
0.02096602
0.04763648
0.009700695
0.09908575
0.0855732
0.08717337
0.2353195
0.08480144
0.3251424
0.1609287
0.3407175
0.2781188
0.3781083
0.3665832
0.3932429
0.4311199
0.4328114
0.4530942
0.517477
0.4579079
0.6382731
0.4939712
0.6903323
0.546081
0.6994219
0.6555619
0.6724524
0.6966761
0.6929049
0.7359177
0.7384039
0.7111737
0.8275498
0.6754069
0.8838245
0.694482
0.8387992
0.7756416
0.7739272
0.7647429
0.743288
0.7178592
0.6735518
0.6374268
0.6320853
0.5652179
0.6161602
0.4735851
0.5553522
0.4102972
0.392299
0.3253005
0.258781
0.2311891
0.1947911
0.1738218
0.1715956
0.1432224
0.1392178
0.1229358
0.1183975
0.09862379
0.06130047
0.02095251
0.009616842
0.005477605
0.003103076
0.002436589
0.001548839
0.001413923
0.001165678
0.0007663248
0.001095521
0.0005936318
0.0009983808
0.0008391797
0.000669185
0.0007609283
0.0006233135
0.0005045872
0.0006529951
0.0004856988
0.0005234755
0.0005342687
0.000545062
0.0005774421
0.0006314085
0.0004937939
0.0006044253
0.0003588775
0.0004937937
0.0003966541
0.0004398273
0.0004722072
0.0004317323
0.0005180787
0.0003966541
0.0003804641
0.0003642741
0.0002833243
0.0003237993
0.0002563411
0.0003561792
0.0003049109
0.0003642741
0.0002752294
0.0002779277
0.0002104695
0.0001726929
0.0001592013
7.01565E-05
7.015651E-05
5.126822E-05
7.555317E-05
2.428494E-05
