0
0
0
-0.0001220256
-3.050641E-05
-0.000152532
-1.01688E-05
5.084401E-05
-0.0001627008
-9.151922E-05
-0.0001830384
7.118161E-05
1.016879E-05
3.050639E-05
3.05064E-05
9.151921E-05
-0.000101688
0.0002237136
-0.0001220256
-3.050643E-05
-0.0002643889
-0.000101688
0.000101688
-5.084402E-05
4.06752E-05
9.151921E-05
-0.0002542201
-0.0001627008
-0.0002745576
-6.101284E-05
-0.0001118568
5.0844E-05
-0.0001118568
0.0001627009
9.151921E-05
0.0002135448
-0.0002135448
-4.067522E-05
-0.0002948953
-1.016885E-05
-0.0003762457
0.0003660769
1.016876E-05
-0.000152532
5.084405E-05
0.0005897905
0.0002948952
0.0005186088
0.0003965832
0.000833842
0.0006101282
0.0009558673
0.0006609722
0.002969291
0.002481188
0.002440512
0.002704901
0.006853774
0.006324995
0.0011084
0.001433801
0.003630262
0.003254017
0.003437056
0.00534879
0.007952004
0.007768966
0.008145212
0.01496848
0.01640228
0.01055522
0.009385805
0.01559894
0.0152532
0.01915803
0.01897498
0.0258796
0.03035387
0.02523897
0.02235103
0.03205207
0.03997356
0.03172666
0.02184259
0.0369636
0.03776693
0.05130161
0.03100468
0.04657312
0.04319707
0.0652227
0.06207036
0.05225746
0.0638499
0.04682732
0.04689852
0.05969084
0.06005695
0.0534879
0.05676225
0.05102704
0.04881026
0.04833233
0.0435123
0.05048809
0.05640634
0.03707545
0.04058369
0.04057352
0.02889974
0.03688224
0.03017084
0.04091927
0.04200732
0.04112263
0.04119381
0.02857434
0.02994712
0.04274965
0.0426988
0.04365468
0.04211919
0.0395058
0.04168193
0.03558064
0.02792352
0.03831606
0.04652229
0.03984136
0.04804757
0.03801097
0.03121821
0.0242831
0.02146634
0.01925971
0.02072402
0.008470615
0.01097214
0.007260524
0.001850726
-0.005480988
-0.005104737
-0.01376856
-0.01330079
-0.01601586
-0.01737847
-0.02292049
-0.02599146
-0.02538132
-0.01696158
-0.03273333
-0.02111042
-0.04011589
-0.01111443
-0.05404712
-0.01236525
-0.06824271
-0.01496846
-0.07523882
-0.03704474
-0.09839345
-0.03636344
-0.1100466
-0.05591803
-0.1452611
-0.06815129
-0.1345335
-0.08498082
-0.1527758
-0.09919649
-0.1573419
-0.1008237
-0.1526847
-0.08942438
-0.1356824
-0.09244464
-0.1504986
-0.07144608
-0.110962
-0.03391258
-0.09186499
-0.0005999853
-0.04778284
0.05192205
0.01739883
0.1451694
0.09929813
0.2164828
0.2002132
0.4610029
0.4381536
0.5620198
0.5785224
1.007171
1.004558
1.069282
1.043054
1.092648
1.749922
4.576094
7.499834
10.94218
12.48259
14.30893
15.531
16.50813
16.87374
17.28496
17.3633
17.54602
17.35597
17.44834
17.21132
17.13816
16.75179
16.47477
16.07044
15.80605
15.38545
14.93539
14.47225
14.18486
13.73999
13.44994
12.98344
12.69074
12.2905
11.97626
11.56927
11.31491
10.90893
10.71656
10.31108
10.12129
9.718246
9.429565
9.020284
8.731976
8.322278
8.099667
7.707356
7.555978
7.143985
6.964952
6.607095
6.397658
6.056719
5.843655
5.521617
5.362352
5.047261
4.879846
4.607223
4.468746
4.218013
4.076771
3.823162
3.676291
3.418674
3.379087
3.151005
3.060725
2.865724
2.768926
2.564136
2.462959
2.253874
2.067792
1.85371
1.799173
1.6138
1.557514
1.37314
1.488379
1.27396
1.137893
0.9826217
0.9247038
0.7868937
0.7654158
0.638796
0.7468077
0.5611986
0.6881952
0.6019858
0.5998898
0.5586545
0.5741522
0.4671348
0.5876264
0.4618056
0.5493512
0.501698
0.522293
0.4393858
0.5909334
0.4600896
0.5836483
0.500519
0.5716383
0.484672
0.5861178
0.532761
0.5439384
0.5049003
0.5907457
0.5154371
0.6306494
0.5756153
0.7082357
0.6522868
0.8062333
0.7304254
0.7836898
0.7074852
0.8326858
0.8003905
0.9062948
0.8555232
0.9758283
0.9538952
1.00247
0.9837099
1.067685
1.064675
1.118444
1.104792
1.190697
1.136346
1.273736
1.241295
1.362676
1.253488
1.380375
1.24005
1.361724
1.271791
1.34529
1.234093
1.239951
1.16813
1.229377
1.161723
1.209621
1.131604
1.191896
1.113789
1.157005
1.073946
0.9031739
0.7114304
0.719281
0.6593464
0.6233792
0.5328565
0.368955
0.2288693
0.1169005
0.06194833
0.02210698
0.008734999
0.005938581
0.004087858
0.00306081
0.002948953
0.001830384
0.00144397
0.0009660362
0.000925361
0.0007728289
0.0006914785
0.0002440513
0.0003355705
0.0002135448
0.0003050641
-3.050641E-05
-3.050641E-05
-0.0001220256
-3.050641E-05
-6.101282E-05
-6.101282E-05
0
-6.101282E-05
-0.0001220256
-6.101282E-05
-6.101282E-05
-6.101282E-05
-3.050641E-05
-3.050641E-05
-6.101282E-05
-3.050641E-05
-3.050641E-05
-6.101282E-05
-3.050641E-05
-3.050641E-05
-6.101282E-05
0
0
0
0
