0
0
0
0
3.171918E-05
0.0001480229
3.171918E-05
-0.0001057306
0.0001480229
4.229224E-05
8.458448E-05
-3.171918E-05
-0.0001057306
8.458448E-05
-9.515754E-05
7.877544E-13
0.0001374498
-7.401142E-05
4.229224E-05
-9.515754E-05
-0.0001057306
-0.0001163037
0.0002431804
-9.515754E-05
-5.28653E-05
2.114613E-05
-4.229224E-05
-7.401143E-05
-4.229224E-05
5.28653E-05
-0.0001268767
-5.28653E-05
-0.0001480229
6.343836E-05
-3.171918E-05
-9.515752E-05
6.343836E-05
-0.0001585959
7.401143E-05
0.0001374498
0.0001585959
0.0001374498
0.0002643265
7.401143E-05
0.0004229224
0.0001903151
0.0003383379
0.0006026644
0.0004334955
0.000348911
0.0007929795
0.0005392261
0.001237048
0.0009092831
0.0007824064
0.001480228
0.001057306
0.001078452
0.001237048
0.001448509
0.001395644
0.001956016
0.00193487
0.001638824
0.002188623
0.001977162
0.00217805
0.002378938
0.002304927
0.002897018
0.003499683
0.003150772
0.00373229
0.004451258
0.00370057
0.004303235
0.004599281
0.004673292
0.005053923
0.00566716
0.00632269
0.008098965
0.008363291
0.01064707
0.01149292
0.0132269
0.01502432
0.01556354
0.0171918
0.02117784
0.02155847
0.02235145
0.02144217
0.02004652
0.02058575
0.02015226
0.02059632
0.01415733
0.0155424
0.01560584
0.01572213
0.01712835
0.01628251
0.01411503
0.01744555
0.01477057
0.02092408
0.02399028
0.01313174
0.01674773
0.01672658
0.0144851
0.01726581
0.0182491
0.02414887
0.01577501
0.01617678
0.01690632
0.01414675
0.01539437
0.01223303
0.01313174
0.01086911
0.01050963
0.01006555
0.005582574
0.007168537
0.004884754
0.002960456
0.002051173
0.002928736
0.00218862
-0.001649399
-0.001374497
-0.007454009
-0.008733347
-0.009769506
-0.01007613
-0.01698033
-0.01910551
-0.02171706
-0.02572425
-0.02669698
-0.02813491
-0.03015438
-0.0328928
-0.03198352
-0.04138298
-0.05076132
-0.02378947
-0.05874401
-0.02927687
-0.0550434
-0.06727642
-0.01739274
-0.09385693
-0.03314664
-0.05380647
-0.07634785
-0.02134714
-0.1039538
-0.03469034
-0.08488018
-0.05694652
-0.06518272
-0.06981383
-0.04711375
-0.08611718
-0.03962798
-0.07930816
-0.05562505
-0.05235804
-0.07022598
-0.04210218
-0.07002528
-0.02231992
-0.07178031
-0.001987748
-0.04302204
-0.003880312
0.04440676
-0.01603945
0.1243605
0.06365007
0.1316667
0.2113239
0.1804081
0.3384429
0.3567343
0.5412754
0.6189981
0.7331542
0.8394657
1.101787
1.168798
1.056099
1.19113
1.04242
1.264814
2.59317
3.839634
6.312267
6.90456
7.622215
8.193636
8.190445
8.539355
8.547725
8.871523
8.989526
9.055241
9.090101
8.964758
9.056153
8.772849
8.766539
8.492861
8.410602
8.284211
7.965611
7.941468
7.735746
7.60771
7.486372
7.243716
7.144905
6.938573
6.79521
6.616312
6.504993
6.352457
6.222003
6.114931
5.926138
5.810705
5.57243
5.450972
5.257416
5.0838
4.99545
4.796571
4.768619
4.574896
4.456483
4.305679
4.057419
4.004344
3.745464
3.6687
3.514374
3.319315
3.268618
3.043372
2.978886
2.816779
2.679369
2.551565
2.400588
2.327328
2.230858
2.155681
2.055706
1.963615
1.871677
1.717669
1.621518
1.48833
1.325144
1.227007
1.170355
1.090571
1.069919
1.08428
1.06845
0.9791473
0.7740957
0.737798
0.6332088
0.5641789
0.5598551
0.5182726
0.6225737
0.5169081
0.5953186
0.4952439
0.4386804
0.578276
0.4263328
0.5430377
0.5429106
0.5401949
0.5324982
0.4268547
0.5559388
0.4785887
0.5780159
0.5981154
0.586803
0.601963
0.6074947
0.5709222
0.567211
0.6295288
0.5968491
0.6161883
0.6933399
0.6383191
0.7334959
0.7022335
0.7225237
0.7563478
0.768031
0.7836034
0.7920317
0.90145
0.8746378
0.9185169
0.9091088
0.9456271
1.041163
0.9682734
1.108913
1.090221
1.072195
1.175863
1.165215
1.240656
1.242328
1.311793
1.263037
1.291932
1.320726
1.187873
1.397875
1.226201
1.282777
1.338477
1.134141
1.289691
1.062224
1.104188
1.109887
1.053817
1.106957
1.048436
1.106811
1.032451
0.9441543
0.767934
0.7249636
0.7052671
0.6080991
0.5384442
0.4233351
0.2965639
0.2046521
0.1059738
0.05873336
0.02360965
0.0119687
0.004430112
0.002040601
0.001607105
0.001141891
0.0004757877
0.0003383379
0.0002326073
0.0003383379
0
0
0
0
0
0
0
0
0
0
0
0
0
0
0
0
0
0
0
0
0
0
0
0
0
0
0
0
0
0
0
0
