0
0
0.0001203788
0.0005373874
0.001492707
0.001492707
0.002808346
0.002251022
0.003063377
0.0006128005
0.002559926
0.003027869
0.004078308
0.001976072
0.003472773
0.001663176
0.003027869
0.004521125
0.00231093
0.003063377
0.003668933
0.001931664
0.001973958
0.0007764926
0.001688142
0.002330505
0.001681433
-0.0005976043
-0.0001186048
0.001537932
0.0005195243
0.001503866
0.0007581566
-0.0009750554
0.0002735467
-0.003562732
-3.681835E-05
0.0002401664
0.0002209983
-0.0001617995
-2.509315E-05
-3.433012E-06
0.002458515
-0.0007687389
0.0005562127
8.105675E-05
0.001358045
0.0004731169
-0.0006308734
-0.0007974192
0.0002773326
0.0005183292
-0.001120906
-0.002069589
-0.001542111
-0.002660792
-0.002878326
0.0009496626
-0.002291763
-0.003185413
-0.002355924
-0.008249525
-0.003388386
-0.005574872
-0.001505633
-0.00460272
-0.002054082
-0.003316754
-0.0004275471
-0.002623662
-0.002174215
-0.002954436
-0.004390283
-0.00572477
-0.003337417
-0.001482202
-0.003012695
-0.003775156
-0.002918449
-0.002305201
-0.003681665
-0.003283337
-0.002382298
-0.002009733
0.0008173294
-0.0005473273
0.0001729013
-0.001571444
0.002853105
0.001723887
-0.0002624383
-0.0007513077
-0.0006942729
-0.0009501599
0.0001014374
-0.002707127
0.0006548176
-0.002627204
0.0007501558
-0.002571315
0.001801966
-0.0009690978
-0.00393625
0.0006606198
0.001517206
0.001304782
-0.002567051
-0.002368771
0.000807046
-0.001647392
-0.0003116709
-0.001012728
-0.002236862
-0.003206683
-0.003627952
-0.003353715
0.0003577147
-0.002601061
-0.0007098646
-0.002512067
-0.003003374
-0.002971925
-0.0006260567
-0.005662234
-0.001522126
0.0006922092
-0.001855176
-0.0006243151
-0.001463964
-0.0003903667
-0.0007513881
-0.001999739
-0.003076012
0.0006857048
0.0004844963
-0.003166807
-0.004252304
-0.0002868064
0.0008810675
-0.006346899
-0.0004890811
-0.005341461
-0.002752558
-0.006202069
-0.0009525061
-0.003410608
-0.002517737
-0.005434544
-0.002042596
-0.002763542
-0.003762809
0.005048049
-0.0109008
-0.009064654
-0.01730611
0.003049284
-0.02582613
0.01535234
-0.01792051
-0.0170483
0.001740454
0.02304331
0.006992503
0.004490844
0.006124371
0.01344329
-0.02508234
-0.02510265
0.002107909
-0.006793651
-0.006511222
-0.007011783
-0.02470371
0.01702345
0.01685851
0.004148165
-0.0185724
-0.006823224
-0.002673701
-0.00984262
-0.001064166
-0.004979804
-0.01009911
0.004977314
-0.01879836
0.01042133
-0.001708926
-0.01909038
-0.02602252
-0.00363293
-0.006360474
-0.01072873
-0.003480039
0.01005409
-0.02021712
-0.002941394
0.02489408
0.3584397
1.404722
3.37914
5.776921
8.40029
10.26823
11.71759
12.71126
13.39381
13.73798
13.9306
13.93313
13.90333
13.71623
13.52886
13.24188
13.0241
12.70694
12.42326
12.0942
11.78843
11.3969
11.09591
10.75739
10.45329
10.10386
9.820308
9.581665
9.375146
9.095904
8.805436
8.466776
8.218252
7.917517
7.698314
7.414947
7.186018
6.902911
6.711077
6.507639
6.327524
6.099518
5.934615
5.738281
5.597449
5.397622
5.236181
5.062335
4.911199
4.765728
4.62367
4.476368
4.364605
4.212939
4.062343
3.948778
3.849542
3.704007
3.613371
3.50241
3.40428
3.261776
3.185318
3.05835
2.998399
2.886097
2.809895
2.718223
2.652324
2.531483
2.482393
2.381975
2.325369
2.246399
2.18757
2.112677
2.063938
1.980314
1.92435
1.851871
1.828958
1.750561
1.691358
1.640692
1.616006
1.530854
1.495957
1.432452
1.402253
1.354084
1.301127
1.26733
1.213578
1.191936
1.160607
1.122612
1.104913
1.038538
1.03679
0.9860235
0.9892697
0.9355135
0.9286337
0.8994448
0.8842917
0.8392744
0.8314026
0.8011137
0.7832817
0.767608
0.750174
0.7289192
0.7165531
0.6975397
0.6790563
0.6571315
0.6602279
0.6340141
0.6157994
0.605895
0.5902584
0.5774873
0.5717418
0.5504708
0.5532474
0.5314336
0.4998783
0.4983997
0.5041761
0.4639334
0.4631496
0.4612997
0.4611661
0.422114
0.4270918
0.3994835
0.4176162
0.3835391
0.3790765
0.3695385
0.3776076
0.3540769
0.3556887
0.3659495
0.3604868
0.3322899
0.3445448
0.3333379
0.3199272
0.3168343
0.3067961
0.2597649
0.1685523
0.04184444
0.004593847
0.001493909
0
0
0
0
0
0
0
0
0
0
0
0
0
0
0
0
0
0
0
0
0
0
0
0
0
0
0
0
0
0
0
0
0
0
0
0
0
0
0
0
0
0
0
0
0
0
0
