0
0
-0.000100387
-0.000100387
0.000200774
-0.000100387
0.0008085933
0.0002642488
0.0002642488
0.0007201029
-5.477851E-05
0.0001177754
0.0008844287
0.0008844287
0.0005654259
0.000109557
0.0002642488
0.0005832769
-0.000191604
0.0002642488
0.0002642488
0.0007022378
0.0001727919
3.203461E-05
-0.0004059682
0.0004878796
0.0002342401
0.0001695745
-0.0004577525
-0.0007053336
-0.0004370375
0.0007890512
-0.0006213838
-0.0003173594
0.0005202952
-0.0009794682
9.693313E-05
0.0003838222
0.001762398
0.0004974196
-0.0004207258
0.003217609
0.001259598
0.0004252658
0.002577551
0.001488923
0.001397499
0.002084147
0.002887705
-8.252593E-05
0.002504617
0.001789888
0.002894517
0.001736099
0.000135897
0.001118647
0.001393062
0.0005818478
0.001147313
0.00131415
0.0007377831
0.0005160907
-0.0006031582
-9.442886E-05
0.001668466
-0.0009004136
-0.001959128
0.001081899
-0.001970245
0.0001013391
-0.00241612
0.0003814271
-0.0005144355
0.0002080732
-0.0001633822
-0.0009141281
0.001681051
-6.90716E-05
-0.0007265048
0.0009265338
-0.0008328474
0.001534268
0.0006054114
0.0001755531
0.001201537
0.003238967
-7.406454E-05
0.001846957
0.002154618
0.001676315
-0.001266318
0.004471832
0.002544917
0.002461794
-0.0008607572
0.003023039
0.000970867
0.004797536
0.0007625854
0.004192985
0.0006000299
0.0003702318
0.0008782349
0.001872839
-2.960233E-05
0.0005329813
-0.003636631
0.002166615
-0.001360144
0.000511718
0.001198114
0.0002617464
0.0002739037
-0.0007695121
0.0001889939
0.0005628473
0.001727483
0.0003858039
-0.00278911
0.0009051588
-0.0004291973
-2.43874E-05
0.0006809167
0.0006324379
0.0001974352
-0.001662068
-0.0002061426
0.002907506
-0.002849283
0.0004182193
-0.0009916152
-0.0008771762
-0.002603152
-0.001349898
-0.0004350209
0.001978297
-0.002873823
-0.002677244
-0.0004631017
-0.003272094
-0.002202536
-0.002605841
-0.0008263505
0.001049131
-0.0003087793
-0.003849088
0.001393568
-0.001725361
-0.008461938
-0.003325174
-0.01194212
0.01356109
-0.01430446
0.009309079
-0.01373472
-0.004836916
-0.007461405
0.001355969
-0.01143911
0.001516027
-0.01088873
-0.007821637
-0.00169152
0.006904684
0.009319826
0.009754485
0.02686599
0.006795689
0.01597326
0.01083307
0.02853883
0.005141285
0.003226743
0.01094842
0.01910193
0.02111425
0.0009953926
-0.004595097
-0.00463822
0.009540941
0.02762891
-0.008607914
0.006715273
0.0101623
0.01553836
0.005634472
0.01339589
0.02938088
0.02504222
-0.006644392
0.01486618
0.00666473
0.01030688
0.006222525
0.01778555
0.02342765
0.05204028
0.3714971
1.452145
3.344539
5.716092
8.352169
10.22819
11.62617
12.60365
13.24325
13.57714
13.76
13.77179
13.69446
13.55094
13.36174
13.13666
12.86236
12.59594
12.30243
11.98388
11.68123
11.36547
11.06184
10.76197
10.45136
10.16182
9.928307
9.702853
9.503492
9.311188
9.051172
8.76162
8.512564
8.232514
7.995034
7.737141
7.50554
7.249193
7.023195
6.820133
6.592344
6.39262
6.208514
6.017202
5.837411
5.660548
5.50182
5.321302
5.146701
4.997177
4.832095
4.678573
4.55857
4.390619
4.266869
4.122571
4.011471
3.885318
3.756779
3.626448
3.517417
3.398034
3.292797
3.185459
3.081844
2.974768
2.881521
2.799752
2.710348
2.63959
2.560032
2.478043
2.403564
2.323141
2.232739
2.199203
2.119911
2.066738
1.996436
1.954396
1.888204
1.825605
1.784483
1.737847
1.666194
1.630646
1.582701
1.528434
1.491197
1.432254
1.397375
1.354334
1.300249
1.263621
1.222554
1.161717
1.14852
1.12041
1.075482
1.047658
1.027027
0.9927895
0.9455021
0.9255845
0.882907
0.8666608
0.8417609
0.8336634
0.8046851
0.7617292
0.755747
0.7281011
0.6978006
0.7020244
0.6530581
0.6578358
0.6222233
0.6070385
0.5877993
0.5947372
0.5518684
0.5411043
0.5222951
0.5103641
0.4876101
0.4799323
0.4755574
0.455711
0.4438185
0.4207979
0.4283999
0.3966839
0.3921291
0.3933749
0.3667318
0.3558586
0.3579786
0.3479598
0.3192816
0.3233458
0.3242222
0.3063093
0.3070665
0.2913543
0.2991771
0.2761136
0.2708774
0.2763053
0.2594463
0.276066
0.2476348
0.2225421
0.1403345
0.02927769
0.002459424
0.0002038734
0
0
0
0
0
0
0
0
0
0
0
0
0
0
0
0
0
0
0
0
0
0
0
0
0
0
0
0
0
0
0
0
0
0
0
0
0
0
0
0
0
0
0
0
0
0
0
