0
0
0.0009397515
0.002432738
-4.712712E-05
-0.001638293
-0.000890976
0.001416913
0.001543108
0.001113684
-0.001853283
0.003128066
0.001638041
-0.0007609306
0.002523279
-0.0005213477
0.001586208
0.0008769641
0.001548169
-8.179389E-05
0.001660035
-0.0001741168
-0.001584129
0.002217243
0.002208313
-0.0004415743
-0.0006789531
-0.001560615
0.003121496
0.002391007
-0.000928582
-5.381938E-05
0.001774646
0.0004695608
0.0032405
-0.0002700676
-0.0004523051
0.0005899632
-0.002642902
-0.002013706
0.001541284
0.0003207732
0.002122588
0.0006381731
-0.0009208617
0.002974413
-0.0003500327
0.001872781
0.004262581
-0.001804421
0.001496276
0.003809744
-0.00622255
-0.00634039
0.01077443
-0.0034897
-0.002871548
0.006468558
-0.003039332
0.0003481351
0.01022182
0.0002134645
-0.0002838915
0.004729096
0.001522366
-0.003388368
0.0006900283
-0.002999763
0.001328768
0.006812084
0.001880337
0.00840786
0.007507864
-0.004295113
0.009866391
0.001328846
0.0007746289
0.01092841
-0.008151279
0.002847453
0.008945949
-0.008358164
0.004655393
0.01287046
-0.00894744
0.004058857
0.00956447
-0.004744375
0.01439714
0.001118723
-0.0006114884
0.006704302
0.001095682
0.01821234
0.004304858
-0.005680004
0.007850071
0.0002812501
0.002611984
0.003163373
-0.0008933308
0.004261791
0.008263559
-0.003340772
-0.003782551
0.0065343
-0.003044087
0.006373527
0.01051218
-0.003240602
-0.003393344
0.0113039
0.005236779
0.002277048
0.000695648
-0.0007586071
0.005936508
-0.00129983
-0.006151675
0.004898734
0.003275664
-0.0004731083
0.004139429
-0.0006956505
-0.001652998
0.001962247
0.004872768
-0.001891563
-0.007402962
0.003943458
0.004635439
0.005657491
0.006113688
-0.005074676
0.01175888
0.008291249
-0.01013666
-0.005108143
0.01126735
-0.003361449
0.004854772
-0.002393593
-0.01071109
0.009985777
0.0004011014
-0.007701258
0.006486778
5.149188E-05
-0.003823551
-0.01519935
-0.02637251
-0.0196739
0.01044986
0.01124267
-0.04922207
-0.01419559
-0.01040613
-0.01938365
0.00763976
-0.0465925
-0.00551231
0.0357918
-0.04211153
-0.003444716
0.01446206
-0.03506783
0.01238384
0.00244823
-0.02383729
0.04377924
0.01123154
-0.05544052
0.03821932
-0.008301804
-0.02785281
0.02810732
-0.0009380422
-0.03041687
0.01271917
-0.003215909
-0.01808272
0.01977476
0.02653656
-0.007822917
0.05512687
0.03392786
-0.001165486
0.09053183
0.04089249
0.001750063
0.143907
0.003764095
0.03725082
0.1862097
-0.03451898
0.08461848
0.172007
0.2998605
1.781518
3.005797
4.925954
8.371202
9.032192
9.879074
11.29191
11.149
11.98349
12.30047
11.67972
12.19411
12.07733
11.49394
11.65384
11.3376
10.92337
10.90094
10.4562
10.19625
10.0914
9.612932
9.498567
9.348029
8.898487
8.700086
8.663795
8.263888
8.069118
8.202927
7.574376
7.33887
7.357432
6.910705
6.839772
6.610454
6.256337
6.226292
5.977396
5.736867
5.729899
5.511497
5.302691
5.17548
4.992344
4.866318
4.688801
4.501789
4.461195
4.333536
4.149755
4.043289
3.942139
3.788444
3.64375
3.645893
3.413138
3.268392
3.29689
3.111529
3.061145
2.965715
2.788238
2.783421
2.676593
2.538361
2.54561
2.461488
2.366185
2.292741
2.190723
2.155292
2.11139
2.00938
1.959621
1.879677
1.834328
1.786079
1.737582
1.684574
1.604321
1.587414
1.529718
1.449179
1.471564
1.41231
1.342856
1.362377
1.282608
1.222892
1.244975
1.164651
1.13951
1.121145
1.036066
1.064139
1.02904
0.9413798
0.981944
0.9572194
0.9037796
0.879234
0.8332078
0.8154207
0.8278321
0.7816897
0.7251156
0.7656058
0.7284804
0.6696514
0.6917991
0.6605052
0.6242468
0.6800141
0.589031
0.5470725
0.6171111
0.5493554
0.53356
0.5675532
0.5300291
0.5419017
0.5160752
0.4658744
0.4966718
0.4525481
0.4166791
0.4902982
0.4149449
0.3831363
0.4424734
0.3791269
0.4027481
0.3897342
0.3312871
0.389148
0.3561235
0.3335702
0.3317195
0.320812
0.3513547
0.2970678
0.2956132
0.3639793
0.2960749
0.2949812
0.2603504
0.2681493
0.2613828
0.2582068
0.2030758
0.1264233
0.05749469
0.01003117
0.002262235
0.0001661136
0.0001521227
0.001661128
0.0006924084
-0.0003602094
0.0006644544
-0.002007402
0.0001521227
0.0006924084
-0.0003462042
0.0001661136
0.001190723
0.001148805
-0.0003462042
0.0006644544
-0.0003602094
0.001190723
0.001689099
-0.0003462042
-0.003715091
0.001190723
0.0006644544
-0.001495039
0.0001521227
-0.0008445497
-0.001495039
0.001689099
-0.002519669
-0.0008445497
0
0
0.001024632
-0.0005123162
-0.0005123162
-0.0005123162
0.001024632
0
0
-0.0005123162
0.001024632
0.001024632
-0.0005123162
0
0
0
0
0
