0
0
0
0
0
0.0046875
0.0046875
-0.0109375
0
0
0
0
0
0
0
-0.0109375
0
0
0.0046875
0.0046875
0
0
0
0
0
0
0
0.0046875
0.0046875
0
0
0
-0.0109375
0.0046875
-0.0109375
0
0.0046875
0
0
0
0
0.0046875
0
0
0.0046875
0
0.0046875
-0.0109375
0
0.0046875
0.0046875
-0.0109375
0
0
0
0.0046875
0.0046875
0
-0.0109375
0.0046875
-0.015625
0.009375
0.0046875
0
0.009375
0
0.0046875
0.009375
-0.001562499
0
0.0046875
0.009375
0.0046875
0.009375
0
0.0046875
0.0046875
0
-0.006249999
0.0046875
0.009375
-0.0109375
0.009375
0
0.0046875
-0.0109375
0
-0.0109375
-0.006249999
0.0046875
0
0
0
0.009375
0.009375
0.0046875
0.0046875
0.0171875
-0.006250001
-0.0109375
-0.00625
-0.0015625
0.0140625
-0.0015625
0.0078125
-0.006250001
-0.021875
-0.006249999
-0.0015625
0.0078125
-0.0015625
-0.006249999
-0.0109375
-0.0140625
-0.0078125
0.001562501
0
-0.0015625
0.003125
-0.01875
-0.015625
-0.003125
-0.007812501
-0.00625
0
-0.0015625
-0.009375
-0.0109375
0.004687501
0.0015625
-1.164153E-10
0.01171875
-0.0015625
-0.0078125
-0.0140625
0
-0.0078125
-0.009374999
-0.0140625
0.001562501
0.009375
-0.004687499
0.0015625
-0.009374999
-0.00625
0.006250001
0.0109375
0.00625
0.004687501
0.0007812514
-0.01015625
0.02265625
-0.009375002
0.04531252
-0.01484375
0.004687497
-0.015625
-0.007812499
0.00234375
0.02890625
-0.028125
0.04453129
-0.01953125
0.0109375
-0.002343751
0.02734375
-0.015625
0.0390625
-3.49246E-10
0.0046875
-0.00859375
0.02890625
0.007031251
0.0296875
0.028125
0.025
0.04218752
0.05234376
-0.04140622
-0.08203121
-0.0125
-0.01171875
-0.008593749
-0.03124999
0.02734375
0.01640625
-0.015625
-0.008593747
-0.06171874
0.001562504
0.0171875
0.01796875
0.002343752
-0.007031253
0.0125
-0.0203125
-0.0171875
0.3945312
1.373438
3.332813
5.48672
8.086719
10.02422
11.3211
12.28047
12.85156
13.20937
13.38281
13.38282
13.29141
13.11719
12.96094
12.68282
12.45
12.21641
11.85469
11.57969
11.26719
10.97422
10.64375
10.36328
10.05703
9.688281
9.528907
9.292189
9.228907
8.98047
8.749221
8.43516
8.209375
7.894532
7.635157
7.438283
7.176562
7.022657
6.732035
6.583596
6.402345
6.158595
5.965625
5.774218
5.640625
5.447656
5.321095
5.148437
5.003125
4.807032
4.646094
4.481249
4.38125
4.211719
4.014063
3.910156
3.810156
3.599219
3.558595
3.432813
3.305469
3.083594
3.040625
2.963281
2.860937
2.814843
2.678124
2.599219
2.550001
2.486719
2.428126
2.378906
2.30625
2.195313
2.146876
2.121094
2
1.996875
1.928126
1.888281
1.754688
1.773438
1.675781
1.611719
1.600781
1.475
1.475
1.408594
1.364844
1.349219
1.292969
1.261719
1.267187
1.217969
1.14375
1.125
1.117969
1.058594
1.059375
0.9718747
0.939062
0.9156248
0.9117185
0.8718749
0.8382811
0.8015622
0.769531
0.6789061
0.7328123
0.7460935
0.7210935
0.6937497
0.6921872
0.6539062
0.5890625
0.5828124
0.5421874
0.5835938
0.5328125
0.5304688
0.5054688
0.5304687
0.5218748
0.5265625
0.4429687
0.4023437
0.390625
0.3921874
0.3679687
0.3914062
0.4539064
0.4179687
0.3601562
0.3226562
0.36875
0.325
0.3507812
0.3078125
0.3249999
0.3242187
0.334375
0.2695311
0.2976562
0.2367187
0.253125
0.2414063
0.246875
0.2835937
0.1953125
0.2257813
0.1992188
0.1765625
0.1078125
0.04921874
0.0015625
0
0
0
0
0
0
0
0
0
0
0
0
0
0
0
0
0
0
0
0
0
0
0
0
0
0
0
0
0
0
0
0
0
0
0
0
0
0
0
0
0
0
0
0
0
0
0
0
