0
0
0
0
0.0032
0.008
0.0032
0.008
0.008
0.008
0.0032
0.008
0.0032
0.0032
0.0032
0.008
-0.0064
0.0032
0.008
0.008
0.008
0.0032
0.0032
0.008
0.0032
0.008
0.0032
0.008
0.0032
0.0032
0.0032
0.0032
-0.0064
-0.0064
0.008
0.008
0.0032
0.008
0.0032
0.0032
0.0032
0.0032
0.0032
0.0032
0.0032
0.008
0.008
0.008
-0.0064
0.008
0.0032
-0.006400001
0.0096
0.0048
0.0048
0.0032
0.0048
0.0096
0.016
0.016
0.0112
0.0112
0.0064
0.0208
0.0112
0.0112
0.0208
0.0256
0.0256
-0.0096
0.0112
0.004799999
0.0112
0.016
0.016
0.0064
0.016
0.0112
0.016
0.016
0.0208
0.0064
0.0208
0.0208
0.0112
0.016
0.0256
0.0256
0.0208
0.0016
0.016
0.016
0.016
0.0016
-0.0128
0.0032
0.0128
0.0048
0.004799999
0.0208
0.032
-0.0096
0.0304
0.0256
0.016
0.032
0.0208
0.0112
0.0112
0.0208
0.0208
0.0256
0.0208
0.0112
0.0416
0.0208
0.0016
0.0208
0.0112
0.0144
0.0184
0.0232
0.028
0.0232
0.002399999
0.0184
0.0408
0.028
0.0136
0.0312
0.0344
0.0216
0.028
0.028
0.0024
0.007199998
0.0232
0.0344
0.0312
0.0184
0.0136
0.02
0.012
0.0184
0.0296
0.0248
0.0024
0.0184
-0.0328
0.0264
-0.0192
0.0176
-0.05439999
-0.0152
0.004799997
-0.012
-0.004000005
-0.04800001
-0.06880002
-0.1296
-0.136
-0.012
-0.0368
-0.07039999
-0.03760001
-0.036
-0.02800002
-0.0544
-0.07600001
0.028
-0.0736
-0.0768
-0.076
0.02160001
-0.0208
-0.02720001
-0.092
-0.03840001
-0.0304
-0.0592
-0.06880002
-0.0816
-0.02080001
-0.0576
-0.0088
-0.07439999
-0.07440001
-0.0368
-0.05760001
-0.1208
-0.02320001
-0.0408
-0.1432
-0.007999999
-0.09599999
0.06
-0.0368
0.3216001
1.544
3.784
6.167999
8.941601
10.9424
12.4656
13.2824
13.932
14.3952
14.5424
14.5072
14.5336
14.2232
14.1176
13.844
13.5928
13.2328
12.904
12.5624
12.3112
11.876
11.656
11.2672
10.9176
10.6104
10.3192
10.0464
9.887202
9.5088
9.277599
8.920799
8.637602
8.356799
8.063998
7.807199
7.565598
7.332
7.155999
6.846399
6.6264
6.424801
6.2104
6.091202
5.896
5.699202
5.488801
5.346402
5.2152
5.02
4.864
4.6768
4.542398
4.4224
4.223199
4.0992
3.990399
3.7856
3.7728
3.5744
3.552
3.327999
3.178399
3.040801
3.069599
2.944
2.832
2.782399
2.660799
2.5696
2.5104
2.4232
2.375201
2.3128
2.2064
2.1136
2.132
1.9728
1.9416
1.8736
1.848
1.7184
1.7536
1.6672
1.6584
1.556
1.5168
1.4608
1.4488
1.3088
1.384
1.2904
1.2544
1.196
1.1696
1.1208
1.1488
1.056
1.0072
1.0192
0.9560001
0.9064001
0.9024
0.8288001
0.9384001
0.8064
0.804
0.8119999
0.8016
0.7568001
0.7463999
0.7128
0.7040001
0.6648001
0.696
0.6008
0.6208
0.5960001
0.5823998
0.6008001
0.5216
0.5136001
0.5544001
0.5248001
0.5128001
0.4808001
0.4536
0.4472
0.4672
0.4191999
0.4952
0.4080001
0.4392
0.4464001
0.4432001
0.4184
0.4064
0.3456
0.3768
0.3464
0.3712
0.3463999
0.2912
0.324
0.3048
0.384
0.2832
0.3032
0.3352
0.3103999
0.3408
0.2224
0.132
0.06000001
0.0192
0
0
0
0
0
0
0
0
0
0
0
0
0
0
0
0
0
0
0
0
0
0
0
0
0
0
0
0
0
0
0
0
0
0
0
0
0
0
0
0
0
0
0
0
0
0
0
0
