0
0
0
-0.008465609
-0.005291005
-0.002116402
-0.005291005
-0.005291005
-0.005291005
-0.002116402
-0.002116402
-0.005291005
-0.008465609
-0.005291005
-0.002116402
-0.002116402
-0.005291005
-0.008465609
-0.005291005
-0.002116402
-0.005291005
-0.005291005
-0.005291005
0.004232804
-0.008465609
-0.005291005
-0.002116402
-0.002116402
-0.002116402
-0.005291005
-0.01587302
-0.002116402
-0.002116402
-0.002116402
-0.002116402
-0.005291005
-0.002116402
0.01164021
-0.005291005
-0.002116402
-0.002116402
-0.005291005
0.004232804
-0.005291005
-0.008465609
-0.002116402
0.004232804
-0.002116402
0.01164021
-0.01587302
-0.02222222
0.04126984
-0.02539683
-0.06878307
0.02116402
-0.002116402
-0.005291006
0.02433862
-0.01693122
0.02010582
0.003174603
-0.02433863
0.009523809
-0.007407408
-0.01798942
0.005291005
-0.004232804
-0.007407408
0.003174603
0.003174603
-0.004232804
0.01269841
-0.01058201
-0.004232804
0.002116402
-0.007407408
0.003174603
0.01269841
0
-0.01058201
-0.001058201
-0.007407407
-0.007407408
-0.004232804
-0.003174604
-0.001058201
-0.007407408
0.01269841
-0.001058201
0
-0.01375661
-0.007407408
-0.004232804
-0.001058201
-0.004232804
0.003174603
-0.01375661
-0.02010582
0.05291005
0.03068783
-0.05608466
0.02433862
0.006349206
0.007407407
0.004232804
-0.03280424
0.03915344
0.01375661
-0.07619047
0.01269841
-0.006349206
0.004232804
0.02962963
-0.02751323
0.01269841
0.02645503
-0.02116402
0.01269841
0.005291005
-0.01904762
-0.01005291
0.01640212
-0.00952381
-0.002116402
0.003703702
0.01640212
-0.01005291
0.0010582
-0.005820105
-0.006349206
0.01534392
-0.00899471
-0.006878307
0.01216931
-0.01957672
0.02169312
-0.004761905
-0.01693122
0.005820106
0.01322751
-0.003174603
0.009523809
0.005820105
0.00952381
0.00846561
0.04074074
0.01164021
-0.01058201
-0.01375662
0.02275132
0.005291003
-0.01269842
0.03386243
0.14709
0.02698412
0.01164021
-0.003174604
0.1222223
0.04444444
-0.03227513
0.01058201
0.02751322
0.04074077
0.0798942
-0.02751324
0.07724869
0.06719576
-0.03492064
0.03386243
-0.09735449
0.1010582
0.131746
-0.08412698
0.08253968
-0.007407407
-0.004232802
0.1164021
-0.04867726
-0.0126984
0.1412698
0.005291005
0.02222223
0.1523809
0.08306879
0.2328043
0.05767195
-0.1089947
0.1989418
-0.006878312
-0.03544973
0.2439153
-0.03650794
0.05449735
0.2015873
-0.2296296
0.1661376
0.1576719
-0.03227511
1.797883
2.108995
3.61217
7.778835
7.025926
7.272486
8.968255
8.062433
9.41111
9.834393
8.493117
9.767723
9.538621
8.625398
9.291003
8.699468
8.229101
8.588888
7.897882
7.895769
8.042329
7.145501
7.358732
7.368786
6.650263
6.908995
6.892594
6.155556
6.265079
6.664022
5.704762
5.594181
5.842328
5.269313
5.291533
5.203706
4.89418
4.960317
4.722751
4.527513
4.543915
4.401587
4.049205
3.867726
3.922222
3.828043
3.638095
3.648148
3.47672
3.412699
3.331747
3.120106
3.161903
2.932274
2.834392
3.017988
2.536509
2.439682
2.702116
2.391005
2.449206
2.289418
2.05873
2.184656
2.057143
1.892593
2.090476
1.833862
1.81217
1.84709
1.649735
1.69471
1.729101
1.573016
1.566666
1.439683
1.425926
1.497354
1.380423
1.271429
1.239682
1.157143
1.172487
1.14127
1.092064
1.114815
1.05291
1.01164
1.048148
1.06455
0.9121693
1.038095
1.011111
0.9206349
0.9142855
0.9079365
0.791005
0.7973541
0.7291004
0.7074073
0.6925924
0.6550264
0.7259257
0.6179895
0.6661374
0.6460318
0.5629628
0.6301589
0.4248677
0.6566138
0.6576721
0.4264551
0.5920634
0.5724866
0.4174603
0.5878306
0.4137565
0.3915344
0.5544972
0.3767196
0.4550265
0.5814815
0.2566138
0.532275
0.4306878
0.3084657
0.5222222
0.2550265
0.4195767
0.4523809
0.1698413
0.4613757
0.4566137
0.2751323
0.3132275
0.3486772
0.3010583
0.4698411
0.2523809
0.2555555
0.431217
0.3486772
0.2793652
0.4079365
0.1730159
0.2957672
0.2873017
0.1201058
0.2074074
0.3
0.2190477
0.1486773
0.04497354
0.008465608
0.04656085
0
0
0
0
0
0
0
0
0
0
0
0
0
0
0
0
0
0
0
0
0
0
0
0
0
0
0
0
0
0
0
0
0
0
0
0
0
0
0
0
0
0
0
0
0
0
0
